 name  subgroup  row  col  crate  neighbor_crate
   G1         1    6    1      0              -1
   G2         1    6    2      0              -1
   G3         1    6    3      0              -1
   G4         1    6    4      0              -1
   G5         1    6    5      0               1
   G6         1    6    6      1               0
   G7         1    6    7      1              -1
   G8         1    6    8      1              -1
   G9         1    6    9      1               2
  G10         1    6   10      2               1
  G11         1    6   11      2              -1
  G12         1    6   12      2              -1
  G13         1    6   13      2               3
  G14         1    6   14      3               2
  G15         1    6   15      3              -1
  G16         1    6   16      3               4
  G17         1    6   17      4               3
  G18         1    6   18      4              -1
  G19         1    6   19      4              -1
  G20         1    6   20      4               5
  G21         1    6   21      5               4
  G22         1    6   22      5              -1
  G23         1    6   23      5              -1
  G24         1    6   24      5               6
  G25         2   24    1      6               5
  G26         2   24    2      6              -1
  G27         2   24    3      6              -1
  G28         2   24    4      6              -1
  G29         2   24    5      6              -1
  G30         2   24    6      6              -1
  G31         1    5    1      0              -1
  G32         1    5    2      0              -1
  G33         1    5    3      0              -1
  G34         1    5    4      0              -1
  G35         1    5    5      0               1
  G36         1    5    6      1               0
  G37         1    5    7      1              -1
  G38         1    5    8      1              -1
  G39         1    5    9      1               2
  G40         1    5   10      2               1
  G41         1    5   11      2              -1
  G42         1    5   12      2              -1
  G43         1    5   13      2               3
  G44         1    5   14      3               2
  G45         1    5   15      3              -1
  G46         1    5   16      3               4
  G47         1    5   17      4               3
  G48         1    5   18      4              -1
  G49         1    5   19      4              -1
  G50         1    5   20      4               5
  G51         1    5   21      5               4
  G52         1    5   22      5              -1
  G53         1    5   23      5              -1
  G54         1    5   24      5               6
  G55         2   23    1      6               5
  G56         2   23    2      6              -1
  G57         2   23    3      6              -1
  G58         2   23    4      6              -1
  G59         2   23    5      6              -1
  G60         2   23    6      6              -1
  G61         1    4    1      0              -1
  G62         1    4    2      0              -1
  G63         1    4    3      0              -1
  G64         1    4    4      0              -1
  G65         1    4    5      0               1
  G66         1    4    6      1               0
  G67         1    4    7      1              -1
  G68         1    4    8      1              -1
  G69         1    4    9      1               2
  G70         1    4   10      2               1
  G71         1    4   11      2              -1
  G72         1    4   12      2              -1
  G73         1    4   13      2               3
  G74         1    4   14      3               2
  G75         1    4   15      3              -1
  G76         1    4   16      3               4
  G77         1    4   17      4               3
  G78         1    4   18      4              -1
  G79         1    4   19      4              -1
  G80         1    4   20      4               5
  G81         1    4   21      5               4
  G82         1    4   22      5              -1
  G83         1    4   23      5              -1
  G84         1    4   24      5               6
  G85         2   22    1      6               5
  G86         2   22    2      6              -1
  G87         2   22    3      6              -1
  G88         2   22    4      6              -1
  G89         2   22    5      6              -1
  G90         2   22    6      6              -1
  G91         1    3    1      0              -1
  G92         1    3    2      0              -1
  G93         1    3    3      0              -1
  G94         1    3    4      0              -1
  G95         1    3    5      0               1
  G96         1    3    6      1               0
  G97         1    3    7      1              -1
  G98         1    3    8      1              -1
  G99         1    3    9      1               2
 G100         1    3   10      2               1
 G101         1    3   11      2              -1
 G102         1    3   12      2              -1
 G103         1    3   13      2               3
 G104         1    3   14      3               2
 G105         1    3   15      3              -1
 G106         1    3   16      3               4
 G107         1    3   17      4               3
 G108         1    3   18      4              -1
 G109         1    3   19      4              -1
 G110         1    3   20      4               5
 G111         1    3   21      5               4
 G112         1    3   22      5              -1
 G113         1    3   23      5              -1
 G114         1    3   24      5               6
 G115         2   21    1      6               5
 G116         2   21    2      6              -1
 G117         2   21    3      6              -1
 G118         2   21    4      6              -1
 G119         2   21    5      6              -1
 G120         2   21    6      6              -1
 G121         1    2    1      0              -1
 G122         1    2    2      0              -1
 G123         1    2    3      0              -1
 G124         1    2    4      0              -1
 G125         1    2    5      0               1
 G126         1    2    6      1               0
 G127         1    2    7      1              -1
 G128         1    2    8      1              -1
 G129         1    2    9      1               2
 G130         1    2   10      2               1
 G131         1    2   11      2              -1
 G132         1    2   12      2              -1
 G133         1    2   13      2               3
 G134         1    2   14      3               2
 G135         1    2   15      3              -1
 G136         1    2   16      3               4
 G137         1    2   17      4               3
 G138         1    2   18      4              -1
 G139         1    2   19      4              -1
 G140         1    2   20      4               5
 G141         1    2   21      5               4
 G142         1    2   22      5              -1
 G143         1    2   23      5              -1
 G144         1    2   24      5               6
 G145         2   20    1      6               5
 G146         2   20    2      6              -1
 G147         2   20    3      6              -1
 G148         2   20    4      6              -1
 G149         2   20    5      6              -1
 G150         2   20    6      6              -1
 G151         1    1    1      0              -1
 G152         1    1    2      0              -1
 G153         1    1    3      0              -1
 G154         1    1    4      0              -1
 G155         1    1    5      0               1
 G156         1    1    6      1               0
 G157         1    1    7      1               0
 G158         1    1    8      1              -1
 G159         1    1    9      1               2
 G160         1    1   10      2               1
 G161         1    1   11      2               1
 G162         1    1   12      2              -1
 G163         1    1   13      2               3
 G164         1    1   14      3               2
 G165         1    1   15      3              -1
 G166         1    1   16      3               4
 G167         1    1   17      4               3
 G168         1    1   18      4              -1
 G169         1    1   19      4              -1
 G170         1    1   20      4               5
 G171         1    1   21      5               4
 G172         1    1   22      5              -1
 G173         1    1   23      5               6
 G174         1    1   24      5               6
 G175         2   19    1      6               5
 G176         2   19    2      6              -1
 G177         2   19    3      6              -1
 G178         2   19    4      6              -1
 G179         2   19    5      6              -1
 G180         2   19    6      6              -1
 G181         4   24    1      0              -1
 G182         4   24    2      0              -1
 G183         4   24    3      0              -1
 G184         4   24    4      0              -1
 G185         4   24    5      0              -1
 G186         4   24    6      0               1
 G205         2   18    1      6              -1
 G206         2   18    2      6              -1
 G207         2   18    3      6              -1
 G208         2   18    4      6              -1
 G209         2   18    5      6              -1
 G210         2   18    6      6              -1
 G211         4   23    1      0              -1
 G212         4   23    2      0              -1
 G213         4   23    3      0              -1
 G214         4   23    4      0              -1
 G215         4   23    5      0              -1
 G216         4   23    6      0              -1
 G235         2   17    1      6              -1
 G236         2   17    2      6              -1
 G237         2   17    3      6              -1
 G238         2   17    4      6              -1
 G239         2   17    5      6              -1
 G240         2   17    6      6              -1
 G241         4   22    1      0              -1
 G242         4   22    2      0              -1
 G243         4   22    3      0              -1
 G244         4   22    4      0              -1
 G245         4   22    5      0              -1
 G246         4   22    6      0              -1
 G265         2   16    1      6              -1
 G266         2   16    2      6              -1
 G267         2   16    3      6              -1
 G268         2   16    4      6              -1
 G269         2   16    5      6              -1
 G270         2   16    6      6              -1
 G271         4   21    1      0              -1
 G272         4   21    2      0              -1
 G273         4   21    3      0              -1
 G274         4   21    4      0              -1
 G275         4   21    5      0              -1
 G276         4   21    6      0              -1
 G295         2   15    1      6              -1
 G296         2   15    2      6              -1
 G297         2   15    3      6              -1
 G298         2   15    4      6              -1
 G299         2   15    5      6              -1
 G300         2   15    6      6              -1
 G301         4   20    1      0              -1
 G302         4   20    2      0              -1
 G303         4   20    3      0              -1
 G304         4   20    4      0              -1
 G305         4   20    5      0              -1
 G306         4   20    6      0              -1
 G325         2   14    1      6              -1
 G326         2   14    2      6              -1
 G327         2   14    3      6              -1
 G328         2   14    4      6              -1
 G329         2   14    5      6              -1
 G330         2   14    6      6              -1
 G331         4   19    1      0              -1
 G332         4   19    2      0              -1
 G333         4   19    3      0              -1
 G334         4   19    4      0              -1
 G335         4   19    5      0              -1
 G336         4   19    6      0              -1
 G355         2   13    1      6              -1
 G356         2   13    2      6              -1
 G357         2   13    3      6              -1
 G358         2   13    4      6              -1
 G359         2   13    5      6              -1
 G360         2   13    6      6              -1
 G361         4   18    1      0              -1
 G362         4   18    2      0              -1
 G363         4   18    3      0              -1
 G364         4   18    4      0              -1
 G365         4   18    5      0              -1
 G366         4   18    6      0              -1
 G385         2   12    1      6              -1
 G386         2   12    2      6              -1
 G387         2   12    3      6              -1
 G388         2   12    4      6              -1
 G389         2   12    5      6              -1
 G390         2   12    6      6              -1
 G391         4   17    1      0              -1
 G392         4   17    2      0              -1
 G393         4   17    3      0              -1
 G394         4   17    4      0              -1
 G395         4   17    5      0              -1
 G396         4   17    6      0              -1
 G415         2   11    1      6              -1
 G416         2   11    2      6              -1
 G417         2   11    3      6              -1
 G418         2   11    4      6              -1
 G419         2   11    5      6              -1
 G420         2   11    6      6              -1
 G421         4   16    1      0              -1
 G422         4   16    2      0              -1
 G423         4   16    3      0              -1
 G424         4   16    4      0              -1
 G425         4   16    5      0              -1
 G426         4   16    6      0              -1
 G445         2   10    1      6              -1
 G446         2   10    2      6              -1
 G447         2   10    3      6              -1
 G448         2   10    4      6              -1
 G449         2   10    5      6              -1
 G450         2   10    6      6              -1
 G451         4   15    1      0              -1
 G452         4   15    2      0              -1
 G453         4   15    3      0              -1
 G454         4   15    4      0              -1
 G455         4   15    5      0              -1
 G456         4   15    6      0              -1
 G475         2    9    1      6              -1
 G476         2    9    2      6              -1
 G477         2    9    3      6              -1
 G478         2    9    4      6              -1
 G479         2    9    5      6              -1
 G480         2    9    6      6              -1
 G481         4   14    1      0              -1
 G482         4   14    2      0              -1
 G483         4   14    3      0              -1
 G484         4   14    4      0              -1
 G485         4   14    5      0              -1
 G486         4   14    6      0              -1
 G505         2    8    1      6              -1
 G506         2    8    2      6              -1
 G507         2    8    3      6              -1
 G508         2    8    4      6              -1
 G509         2    8    5      6              -1
 G510         2    8    6      6              -1
 G511         4   13    1      0              -1
 G512         4   13    2      0              -1
 G513         4   13    3      0              -1
 G514         4   13    4      0              -1
 G515         4   13    5      0              -1
 G516         4   13    6      0              -1
 G535         2    7    1      6              -1
 G536         2    7    2      6              -1
 G537         2    7    3      6              -1
 G538         2    7    4      6              -1
 G539         2    7    5      6              -1
 G540         2    7    6      6              -1
 G541         4   12    1      0              -1
 G542         4   12    2      0              -1
 G543         4   12    3      0              -1
 G544         4   12    4      0              -1
 G545         4   12    5      0              -1
 G546         4   12    6      0              -1
 G565         2    6    1      6              -1
 G566         2    6    2      6              -1
 G567         2    6    3      6              -1
 G568         2    6    4      6              -1
 G569         2    6    5      6              -1
 G570         2    6    6      6              -1
 G571         4   11    1      0              -1
 G572         4   11    2      0              -1
 G573         4   11    3      0              -1
 G574         4   11    4      0              -1
 G575         4   11    5      0              -1
 G576         4   11    6      0              -1
 G595         2    5    1      6              -1
 G596         2    5    2      6              -1
 G597         2    5    3      6              -1
 G598         2    5    4      6              -1
 G599         2    5    5      6              -1
 G600         2    5    6      6              -1
 G601         4   10    1      0              -1
 G602         4   10    2      0              -1
 G603         4   10    3      0              -1
 G604         4   10    4      0              -1
 G605         4   10    5      0              -1
 G606         4   10    6      0              -1
 G625         2    4    1      6              -1
 G626         2    4    2      6              -1
 G627         2    4    3      6              -1
 G628         2    4    4      6              -1
 G629         2    4    5      6              -1
 G630         2    4    6      6              -1
 G631         4    9    1      0              -1
 G632         4    9    2      0              -1
 G633         4    9    3      0              -1
 G634         4    9    4      0              -1
 G635         4    9    5      0              -1
 G636         4    9    6      0              -1
 G655         2    3    1      6              -1
 G656         2    3    2      6              -1
 G657         2    3    3      6              -1
 G658         2    3    4      6              -1
 G659         2    3    5      6              -1
 G660         2    3    6      6              -1
 G661         4    8    1      0              -1
 G662         4    8    2      0              -1
 G663         4    8    3      0              -1
 G664         4    8    4      0              -1
 G665         4    8    5      0              -1
 G666         4    8    6      0              -1
 G685         2    2    1      6              -1
 G686         2    2    2      6              -1
 G687         2    2    3      6              -1
 G688         2    2    4      6              -1
 G689         2    2    5      6              -1
 G690         2    2    6      6              -1
 G691         4    7    1      0              -1
 G692         4    7    2      0              -1
 G693         4    7    3      0              -1
 G694         4    7    4      0              -1
 G695         4    7    5      0              -1
 G696         4    7    6      0              -1
 G715         2    1    1      6               5
 G716         2    1    2      6              -1
 G717         2    1    3      6              -1
 G718         2    1    4      6              -1
 G719         2    1    5      6              -1
 G720         2    1    6      6              -1
 G721         4    6    1      0              -1
 G722         4    6    2      0              -1
 G723         4    6    3      0              -1
 G724         4    6    4      0              -1
 G725         4    6    5      0              -1
 G726         4    6    6      0               1
 G727         3    6    1      1               0
 G728         3    6    2      1               0
 G729         3    6    3      1              -1
 G730         3    6    4      1               2
 G731         3    6    5      2               1
 G732         3    6    6      2              -1
 G733         3    6    7      2              -1
 G734         3    6    8      2               3
 G735         3    6    9      3               2
 G736         3    6   10      3              -1
 G737         3    6   11      3               4
 G738         3    6   12      4               3
 G739         3    6   13      4              -1
 G740         3    6   14      4               5
 G741         3    6   15      4               5
 G742         3    6   16      5               4
 G743         3    6   17      5              -1
 G744         3    6   18      5               6
 G745         3    6   19      5               6
 G746         3    6   20      6               5
 G747         3    6   21      6              -1
 G748         3    6   22      6              -1
 G749         3    6   23      6              -1
 G750         3    6   24      6              -1
 G751         4    5    1      0              -1
 G752         4    5    2      0              -1
 G753         4    5    3      0              -1
 G754         4    5    4      0              -1
 G755         4    5    5      0              -1
 G756         4    5    6      0               1
 G757         3    5    1      1               0
 G758         3    5    2      1              -1
 G759         3    5    3      1              -1
 G760         3    5    4      1               2
 G761         3    5    5      2               1
 G762         3    5    6      2              -1
 G763         3    5    7      2              -1
 G764         3    5    8      2               3
 G765         3    5    9      3               2
 G766         3    5   10      3              -1
 G767         3    5   11      3               4
 G768         3    5   12      4               3
 G769         3    5   13      4              -1
 G770         3    5   14      4              -1
 G771         3    5   15      4               5
 G772         3    5   16      5               4
 G773         3    5   17      5              -1
 G774         3    5   18      5              -1
 G775         3    5   19      5               6
 G776         3    5   20      6               5
 G777         3    5   21      6              -1
 G778         3    5   22      6              -1
 G779         3    5   23      6              -1
 G780         3    5   24      6              -1
 G781         4    4    1      0              -1
 G782         4    4    2      0              -1
 G783         4    4    3      0              -1
 G784         4    4    4      0              -1
 G785         4    4    5      0              -1
 G786         4    4    6      0               1
 G787         3    4    1      1               0
 G788         3    4    2      1              -1
 G789         3    4    3      1              -1
 G790         3    4    4      1               2
 G791         3    4    5      2               1
 G792         3    4    6      2              -1
 G793         3    4    7      2              -1
 G794         3    4    8      2               3
 G795         3    4    9      3               2
 G796         3    4   10      3              -1
 G797         3    4   11      3               4
 G798         3    4   12      4               3
 G799         3    4   13      4              -1
 G800         3    4   14      4              -1
 G801         3    4   15      4               5
 G802         3    4   16      5               4
 G803         3    4   17      5              -1
 G804         3    4   18      5              -1
 G805         3    4   19      5               6
 G806         3    4   20      6               5
 G807         3    4   21      6              -1
 G808         3    4   22      6              -1
 G809         3    4   23      6              -1
 G810         3    4   24      6              -1
 G811         4    3    1      0              -1
 G812         4    3    2      0              -1
 G813         4    3    3      0              -1
 G814         4    3    4      0              -1
 G815         4    3    5      0              -1
 G816         4    3    6      0               1
 G817         3    3    1      1               0
 G818         3    3    2      1              -1
 G819         3    3    3      1              -1
 G820         3    3    4      1               2
 G821         3    3    5      2               1
 G822         3    3    6      2              -1
 G823         3    3    7      2              -1
 G824         3    3    8      2               3
 G825         3    3    9      3               2
 G826         3    3   10      3              -1
 G827         3    3   11      3               4
 G828         3    3   12      4               3
 G829         3    3   13      4              -1
 G830         3    3   14      4              -1
 G831         3    3   15      4               5
 G832         3    3   16      5               4
 G833         3    3   17      5              -1
 G834         3    3   18      5              -1
 G835         3    3   19      5               6
 G836         3    3   20      6               5
 G837         3    3   21      6              -1
 G838         3    3   22      6              -1
 G839         3    3   23      6              -1
 G840         3    3   24      6              -1
 G841         4    2    1      0              -1
 G842         4    2    2      0              -1
 G843         4    2    3      0              -1
 G844         4    2    4      0              -1
 G845         4    2    5      0              -1
 G846         4    2    6      0               1
 G847         3    2    1      1               0
 G848         3    2    2      1              -1
 G849         3    2    3      1              -1
 G850         3    2    4      1               2
 G851         3    2    5      2               1
 G852         3    2    6      2              -1
 G853         3    2    7      2              -1
 G854         3    2    8      2               3
 G855         3    2    9      3               2
 G856         3    2   10      3              -1
 G857         3    2   11      3               4
 G858         3    2   12      4               3
 G859         3    2   13      4              -1
 G860         3    2   14      4              -1
 G861         3    2   15      4               5
 G862         3    2   16      5               4
 G863         3    2   17      5              -1
 G864         3    2   18      5              -1
 G865         3    2   19      5               6
 G866         3    2   20      6               5
 G867         3    2   21      6              -1
 G868         3    2   22      6              -1
 G869         3    2   23      6              -1
 G870         3    2   24      6              -1
 G871         4    1    1      0              -1
 G872         4    1    2      0              -1
 G873         4    1    3      0              -1
 G874         4    1    4      0              -1
 G875         4    1    5      0              -1
 G876         4    1    6      0               1
 G877         3    1    1      1               0
 G878         3    1    2      1              -1
 G879         3    1    3      1              -1
 G880         3    1    4      1               2
 G881         3    1    5      2               1
 G882         3    1    6      2              -1
 G883         3    1    7      2              -1
 G884         3    1    8      2               3
 G885         3    1    9      3               2
 G886         3    1   10      3              -1
 G887         3    1   11      3               4
 G888         3    1   12      4               3
 G889         3    1   13      4              -1
 G890         3    1   14      4              -1
 G891         3    1   15      4               5
 G892         3    1   16      5               4
 G893         3    1   17      5              -1
 G894         3    1   18      5              -1
 G895         3    1   19      5               6
 G896         3    1   20      6               5
 G897         3    1   21      6              -1
 G898         3    1   22      6              -1
 G899         3    1   23      6              -1
 G900         3    1   24      6              -1
   W1         0   34    1      0               1
   W2         0   34    2      0               1
   W3         0   34    3      1               0
   W4         0   34    4      1              -1
   W5         0   34    5      1              -1
   W6         0   34    6      1              -1
   W7         0   34    7      1               2
   W8         0   34    8      1               2
   W9         0   34    9      2               1
  W10         0   34   10      2              -1
  W11         0   34   11      2              -1
  W12         0   34   12      2              -1
  W13         0   34   13      2              -1
  W14         0   34   14      2               3
  W15         0   34   15      3               2
  W16         0   34   16      3              -1
  W17         0   34   17      3              -1
  W18         0   34   18      3              -1
  W19         0   34   19      3               4
  W20         0   34   20      3               4
  W21         0   34   21      4               3
  W22         0   34   22      4              -1
  W23         0   34   23      4              -1
  W24         0   34   24      4              -1
  W25         0   34   25      4              -1
  W26         0   34   26      4               5
  W27         0   34   27      5               4
  W28         0   34   28      5               4
  W29         0   34   29      5              -1
  W30         0   34   30      5              -1
  W31         0   34   31      5              -1
  W32         0   34   32      5               6
  W33         0   34   33      6               5
  W34         0   34   34      6               5
  W35         0   33    1      0              -1
  W36         0   33    2      0               1
  W37         0   33    3      1               0
  W38         0   33    4      1              -1
  W39         0   33    5      1              -1
  W40         0   33    6      1              -1
  W41         0   33    7      1              -1
  W42         0   33    8      1               2
  W43         0   33    9      2               1
  W44         0   33   10      2              -1
  W45         0   33   11      2              -1
  W46         0   33   12      2              -1
  W47         0   33   13      2              -1
  W48         0   33   14      2               3
  W49         0   33   15      3               2
  W50         0   33   16      3              -1
  W51         0   33   17      3              -1
  W52         0   33   18      3              -1
  W53         0   33   19      3              -1
  W54         0   33   20      3               4
  W55         0   33   21      4               3
  W56         0   33   22      4              -1
  W57         0   33   23      4              -1
  W58         0   33   24      4              -1
  W59         0   33   25      4              -1
  W60         0   33   26      4               5
  W61         0   33   27      5               4
  W62         0   33   28      5              -1
  W63         0   33   29      5              -1
  W64         0   33   30      5              -1
  W65         0   33   31      5              -1
  W66         0   33   32      5               6
  W67         0   33   33      6               5
  W68         0   33   34      6              -1
  W69         0   32    1      0              -1
  W70         0   32    2      0               1
  W71         0   32    3      1               0
  W72         0   32    4      1              -1
  W73         0   32    5      1              -1
  W74         0   32    6      1              -1
  W75         0   32    7      1              -1
  W76         0   32    8      1               2
  W77         0   32    9      2               1
  W78         0   32   10      2              -1
  W79         0   32   11      2              -1
  W80         0   32   12      2              -1
  W81         0   32   13      2              -1
  W82         0   32   14      2               3
  W83         0   32   15      3               2
  W84         0   32   16      3              -1
  W85         0   32   17      3              -1
  W86         0   32   18      3              -1
  W87         0   32   19      3              -1
  W88         0   32   20      3               4
  W89         0   32   21      4               3
  W90         0   32   22      4              -1
  W91         0   32   23      4              -1
  W92         0   32   24      4              -1
  W93         0   32   25      4              -1
  W94         0   32   26      4               5
  W95         0   32   27      5               4
  W96         0   32   28      5              -1
  W97         0   32   29      5              -1
  W98         0   32   30      5              -1
  W99         0   32   31      5              -1
 W100         0   32   32      5               6
 W101         0   32   33      6               5
 W102         0   32   34      6              -1
 W103         0   31    1      0              -1
 W104         0   31    2      0               1
 W105         0   31    3      1               0
 W106         0   31    4      1              -1
 W107         0   31    5      1              -1
 W108         0   31    6      1              -1
 W109         0   31    7      1              -1
 W110         0   31    8      1               2
 W111         0   31    9      2               1
 W112         0   31   10      2              -1
 W113         0   31   11      2              -1
 W114         0   31   12      2              -1
 W115         0   31   13      2              -1
 W116         0   31   14      2               3
 W117         0   31   15      3               2
 W118         0   31   16      3              -1
 W119         0   31   17      3              -1
 W120         0   31   18      3              -1
 W121         0   31   19      3              -1
 W122         0   31   20      3               4
 W123         0   31   21      4               3
 W124         0   31   22      4              -1
 W125         0   31   23      4              -1
 W126         0   31   24      4              -1
 W127         0   31   25      4              -1
 W128         0   31   26      4               5
 W129         0   31   27      5               4
 W130         0   31   28      5              -1
 W131         0   31   29      5              -1
 W132         0   31   30      5              -1
 W133         0   31   31      5              -1
 W134         0   31   32      5               6
 W135         0   31   33      6               5
 W136         0   31   34      6              -1
 W137         0   30    1      0              -1
 W138         0   30    2      0               1
 W139         0   30    3      1               0
 W140         0   30    4      1              -1
 W141         0   30    5      1              -1
 W142         0   30    6      1              -1
 W143         0   30    7      1              -1
 W144         0   30    8      1               2
 W145         0   30    9      2               1
 W146         0   30   10      2              -1
 W147         0   30   11      2              -1
 W148         0   30   12      2              -1
 W149         0   30   13      2              -1
 W150         0   30   14      2               3
 W151         0   30   15      3               2
 W152         0   30   16      3              -1
 W153         0   30   17      3              -1
 W154         0   30   18      3              -1
 W155         0   30   19      3              -1
 W156         0   30   20      3               4
 W157         0   30   21      4               3
 W158         0   30   22      4              -1
 W159         0   30   23      4              -1
 W160         0   30   24      4              -1
 W161         0   30   25      4              -1
 W162         0   30   26      4               5
 W163         0   30   27      5               4
 W164         0   30   28      5              -1
 W165         0   30   29      5              -1
 W166         0   30   30      5              -1
 W167         0   30   31      5              -1
 W168         0   30   32      5               6
 W169         0   30   33      6               5
 W170         0   30   34      6              -1
 W171         0   29    1      0              -1
 W172         0   29    2      0               1
 W173         0   29    3      1               0
 W174         0   29    4      1              -1
 W175         0   29    5      1              -1
 W176         0   29    6      1              -1
 W177         0   29    7      1              -1
 W178         0   29    8      1               2
 W179         0   29    9      2               1
 W180         0   29   10      2              -1
 W181         0   29   11      2              -1
 W182         0   29   12      2              -1
 W183         0   29   13      2              -1
 W184         0   29   14      2               3
 W185         0   29   15      3               2
 W186         0   29   16      3              -1
 W187         0   29   17      3              -1
 W188         0   29   18      3              -1
 W189         0   29   19      3              -1
 W190         0   29   20      3               4
 W191         0   29   21      4               3
 W192         0   29   22      4              -1
 W193         0   29   23      4              -1
 W194         0   29   24      4              -1
 W195         0   29   25      4              -1
 W196         0   29   26      4               5
 W197         0   29   27      5               4
 W198         0   29   28      5              -1
 W199         0   29   29      5              -1
 W200         0   29   30      5              -1
 W201         0   29   31      5              -1
 W202         0   29   32      5               6
 W203         0   29   33      6               5
 W204         0   29   34      6              -1
 W205         0   28    1      0              -1
 W206         0   28    2      0               1
 W207         0   28    3      1               0
 W208         0   28    4      1              -1
 W209         0   28    5      1              -1
 W210         0   28    6      1              -1
 W211         0   28    7      1              -1
 W212         0   28    8      1               2
 W213         0   28    9      2               1
 W214         0   28   10      2              -1
 W215         0   28   11      2              -1
 W216         0   28   12      2              -1
 W217         0   28   13      2              -1
 W218         0   28   14      2               3
 W219         0   28   15      3               2
 W220         0   28   16      3              -1
 W221         0   28   17      3              -1
 W222         0   28   18      3              -1
 W223         0   28   19      3              -1
 W224         0   28   20      3               4
 W225         0   28   21      4               3
 W226         0   28   22      4              -1
 W227         0   28   23      4              -1
 W228         0   28   24      4              -1
 W229         0   28   25      4              -1
 W230         0   28   26      4               5
 W231         0   28   27      5               4
 W232         0   28   28      5              -1
 W233         0   28   29      5              -1
 W234         0   28   30      5              -1
 W235         0   28   31      5              -1
 W236         0   28   32      5               6
 W237         0   28   33      6               5
 W238         0   28   34      6              -1
 W239         0   27    1      0              -1
 W240         0   27    2      0               1
 W241         0   27    3      1               0
 W242         0   27    4      1              -1
 W243         0   27    5      1              -1
 W244         0   27    6      1              -1
 W245         0   27    7      1              -1
 W246         0   27    8      1               2
 W247         0   27    9      2               1
 W248         0   27   10      2              -1
 W249         0   27   11      2              -1
 W250         0   27   12      2              -1
 W251         0   27   13      2              -1
 W252         0   27   14      2               3
 W253         0   27   15      3               2
 W254         0   27   16      3              -1
 W255         0   27   17      3              -1
 W256         0   27   18      3              -1
 W257         0   27   19      3              -1
 W258         0   27   20      3               4
 W259         0   27   21      4               3
 W260         0   27   22      4              -1
 W261         0   27   23      4              -1
 W262         0   27   24      4              -1
 W263         0   27   25      4              -1
 W264         0   27   26      4               5
 W265         0   27   27      5               4
 W266         0   27   28      5              -1
 W267         0   27   29      5              -1
 W268         0   27   30      5              -1
 W269         0   27   31      5              -1
 W270         0   27   32      5               6
 W271         0   27   33      6               5
 W272         0   27   34      6              -1
 W273         0   26    1      0              -1
 W274         0   26    2      0               1
 W275         0   26    3      1               0
 W276         0   26    4      1              -1
 W277         0   26    5      1              -1
 W278         0   26    6      1              -1
 W279         0   26    7      1              -1
 W280         0   26    8      1               2
 W281         0   26    9      2               1
 W282         0   26   10      2              -1
 W283         0   26   11      2              -1
 W284         0   26   12      2              -1
 W285         0   26   13      2              -1
 W286         0   26   14      2               3
 W287         0   26   15      3               2
 W288         0   26   16      3              -1
 W289         0   26   17      3              -1
 W290         0   26   18      3              -1
 W291         0   26   19      3              -1
 W292         0   26   20      3               4
 W293         0   26   21      4               3
 W294         0   26   22      4              -1
 W295         0   26   23      4              -1
 W296         0   26   24      4              -1
 W297         0   26   25      4              -1
 W298         0   26   26      4               5
 W299         0   26   27      5               4
 W300         0   26   28      5              -1
 W301         0   26   29      5              -1
 W302         0   26   30      5              -1
 W303         0   26   31      5              -1
 W304         0   26   32      5               6
 W305         0   26   33      6               5
 W306         0   26   34      6              -1
 W307         0   25    1      0              -1
 W308         0   25    2      0               1
 W309         0   25    3      1               0
 W310         0   25    4      1              -1
 W311         0   25    5      1              -1
 W312         0   25    6      1              -1
 W313         0   25    7      1              -1
 W314         0   25    8      1               2
 W315         0   25    9      2               1
 W316         0   25   10      2              -1
 W317         0   25   11      2              -1
 W318         0   25   12      2              -1
 W319         0   25   13      2              -1
 W320         0   25   14      2               3
 W321         0   25   15      3               2
 W322         0   25   16      3              -1
 W323         0   25   17      3              -1
 W324         0   25   18      3              -1
 W325         0   25   19      3              -1
 W326         0   25   20      3               4
 W327         0   25   21      4               3
 W328         0   25   22      4              -1
 W329         0   25   23      4              -1
 W330         0   25   24      4              -1
 W331         0   25   25      4              -1
 W332         0   25   26      4               5
 W333         0   25   27      5               4
 W334         0   25   28      5              -1
 W335         0   25   29      5              -1
 W336         0   25   30      5              -1
 W337         0   25   31      5              -1
 W338         0   25   32      5               6
 W339         0   25   33      6               5
 W340         0   25   34      6              -1
 W341         0   24    1      0              -1
 W342         0   24    2      0               1
 W343         0   24    3      1               0
 W344         0   24    4      1              -1
 W345         0   24    5      1              -1
 W346         0   24    6      1              -1
 W347         0   24    7      1              -1
 W348         0   24    8      1               2
 W349         0   24    9      2               1
 W350         0   24   10      2              -1
 W351         0   24   11      2              -1
 W352         0   24   12      2              -1
 W353         0   24   13      2              -1
 W354         0   24   14      2               3
 W355         0   24   15      3               2
 W356         0   24   16      3              -1
 W357         0   24   17      3              -1
 W358         0   24   18      3              -1
 W359         0   24   19      3              -1
 W360         0   24   20      3               4
 W361         0   24   21      4               3
 W362         0   24   22      4              -1
 W363         0   24   23      4              -1
 W364         0   24   24      4              -1
 W365         0   24   25      4              -1
 W366         0   24   26      4               5
 W367         0   24   27      5               4
 W368         0   24   28      5              -1
 W369         0   24   29      5              -1
 W370         0   24   30      5              -1
 W371         0   24   31      5              -1
 W372         0   24   32      5               6
 W373         0   24   33      6               5
 W374         0   24   34      6              -1
 W375         0   23    1      0              -1
 W376         0   23    2      0               1
 W377         0   23    3      1               0
 W378         0   23    4      1              -1
 W379         0   23    5      1              -1
 W380         0   23    6      1              -1
 W381         0   23    7      1              -1
 W382         0   23    8      1               2
 W383         0   23    9      2               1
 W384         0   23   10      2              -1
 W385         0   23   11      2              -1
 W386         0   23   12      2              -1
 W387         0   23   13      2              -1
 W388         0   23   14      2               3
 W389         0   23   15      3               2
 W390         0   23   16      3              -1
 W391         0   23   17      3              -1
 W392         0   23   18      3              -1
 W393         0   23   19      3              -1
 W394         0   23   20      3               4
 W395         0   23   21      4               3
 W396         0   23   22      4              -1
 W397         0   23   23      4              -1
 W398         0   23   24      4              -1
 W399         0   23   25      4              -1
 W400         0   23   26      4               5
 W401         0   23   27      5               4
 W402         0   23   28      5              -1
 W403         0   23   29      5              -1
 W404         0   23   30      5              -1
 W405         0   23   31      5              -1
 W406         0   23   32      5               6
 W407         0   23   33      6               5
 W408         0   23   34      6              -1
 W409         0   22    1      0              -1
 W410         0   22    2      0               1
 W411         0   22    3      1               0
 W412         0   22    4      1              -1
 W413         0   22    5      1              -1
 W414         0   22    6      1              -1
 W415         0   22    7      1              -1
 W416         0   22    8      1               2
 W417         0   22    9      2               1
 W418         0   22   10      2              -1
 W419         0   22   11      2              -1
 W420         0   22   12      2              -1
 W421         0   22   13      2              -1
 W422         0   22   14      2               3
 W423         0   22   15      3               2
 W424         0   22   16      3              -1
 W425         0   22   17      3              -1
 W426         0   22   18      3              -1
 W427         0   22   19      3              -1
 W428         0   22   20      3               4
 W429         0   22   21      4               3
 W430         0   22   22      4              -1
 W431         0   22   23      4              -1
 W432         0   22   24      4              -1
 W433         0   22   25      4              -1
 W434         0   22   26      4               5
 W435         0   22   27      5               4
 W436         0   22   28      5              -1
 W437         0   22   29      5              -1
 W438         0   22   30      5              -1
 W439         0   22   31      5              -1
 W440         0   22   32      5               6
 W441         0   22   33      6               5
 W442         0   22   34      6              -1
 W443         0   21    1      0              -1
 W444         0   21    2      0               1
 W445         0   21    3      1               0
 W446         0   21    4      1              -1
 W447         0   21    5      1              -1
 W448         0   21    6      1              -1
 W449         0   21    7      1              -1
 W450         0   21    8      1               2
 W451         0   21    9      2               1
 W452         0   21   10      2              -1
 W453         0   21   11      2              -1
 W454         0   21   12      2              -1
 W455         0   21   13      2              -1
 W456         0   21   14      2               3
 W457         0   21   15      3               2
 W458         0   21   16      3              -1
 W459         0   21   17      3              -1
 W460         0   21   18      3              -1
 W461         0   21   19      3              -1
 W462         0   21   20      3               4
 W463         0   21   21      4               3
 W464         0   21   22      4              -1
 W465         0   21   23      4              -1
 W466         0   21   24      4              -1
 W467         0   21   25      4              -1
 W468         0   21   26      4               5
 W469         0   21   27      5               4
 W470         0   21   28      5              -1
 W471         0   21   29      5              -1
 W472         0   21   30      5              -1
 W473         0   21   31      5              -1
 W474         0   21   32      5               6
 W475         0   21   33      6               5
 W476         0   21   34      6              -1
 W477         0   20    1      0              -1
 W478         0   20    2      0               1
 W479         0   20    3      1               0
 W480         0   20    4      1              -1
 W481         0   20    5      1              -1
 W482         0   20    6      1              -1
 W483         0   20    7      1              -1
 W484         0   20    8      1               2
 W485         0   20    9      2               1
 W486         0   20   10      2              -1
 W487         0   20   11      2              -1
 W488         0   20   12      2              -1
 W489         0   20   13      2              -1
 W490         0   20   14      2               3
 W491         0   20   15      3               2
 W492         0   20   16      3              -1
 W493         0   20   17      3              -1
 W494         0   20   18      3              -1
 W495         0   20   19      3              -1
 W496         0   20   20      3               4
 W497         0   20   21      4               3
 W498         0   20   22      4              -1
 W499         0   20   23      4              -1
 W500         0   20   24      4              -1
 W501         0   20   25      4              -1
 W502         0   20   26      4               5
 W503         0   20   27      5               4
 W504         0   20   28      5              -1
 W505         0   20   29      5              -1
 W506         0   20   30      5              -1
 W507         0   20   31      5              -1
 W508         0   20   32      5               6
 W509         0   20   33      6               5
 W510         0   20   34      6              -1
 W511         0   19    1      0              -1
 W512         0   19    2      0               1
 W513         0   19    3      1               0
 W514         0   19    4      1              -1
 W515         0   19    5      1              -1
 W516         0   19    6      1              -1
 W517         0   19    7      1              -1
 W518         0   19    8      1               2
 W519         0   19    9      2               1
 W520         0   19   10      2              -1
 W521         0   19   11      2              -1
 W522         0   19   12      2              -1
 W523         0   19   13      2              -1
 W524         0   19   14      2               3
 W525         0   19   15      3               2
 W526         0   19   16      3              -1
 W527         0   19   17      3              -1
 W528         0   19   18      3              -1
 W529         0   19   19      3              -1
 W530         0   19   20      3               4
 W531         0   19   21      4               3
 W532         0   19   22      4              -1
 W533         0   19   23      4              -1
 W534         0   19   24      4              -1
 W535         0   19   25      4              -1
 W536         0   19   26      4               5
 W537         0   19   27      5               4
 W538         0   19   28      5              -1
 W539         0   19   29      5              -1
 W540         0   19   30      5              -1
 W541         0   19   31      5              -1
 W542         0   19   32      5               6
 W543         0   19   33      6               5
 W544         0   19   34      6              -1
 W545         0   18    1      0              -1
 W546         0   18    2      0               1
 W547         0   18    3      1               0
 W548         0   18    4      1              -1
 W549         0   18    5      1              -1
 W550         0   18    6      1              -1
 W551         0   18    7      1              -1
 W552         0   18    8      1               2
 W553         0   18    9      2               1
 W554         0   18   10      2              -1
 W555         0   18   11      2              -1
 W556         0   18   12      2              -1
 W557         0   18   13      2              -1
 W558         0   18   14      2               3
 W559         0   18   15      3               2
 W560         0   18   16      3              -1
 W563         0   18   19      3              -1
 W564         0   18   20      3               4
 W565         0   18   21      4               3
 W566         0   18   22      4              -1
 W567         0   18   23      4              -1
 W568         0   18   24      4              -1
 W569         0   18   25      4              -1
 W570         0   18   26      4               5
 W571         0   18   27      5               4
 W572         0   18   28      5              -1
 W573         0   18   29      5              -1
 W574         0   18   30      5              -1
 W575         0   18   31      5              -1
 W576         0   18   32      5               6
 W577         0   18   33      6               5
 W578         0   18   34      6              -1
 W579         0   17    1      0              -1
 W580         0   17    2      0               1
 W581         0   17    3      1               0
 W582         0   17    4      1              -1
 W583         0   17    5      1              -1
 W584         0   17    6      1              -1
 W585         0   17    7      1              -1
 W586         0   17    8      1               2
 W587         0   17    9      2               1
 W588         0   17   10      2              -1
 W589         0   17   11      2              -1
 W590         0   17   12      2              -1
 W591         0   17   13      2              -1
 W592         0   17   14      2               3
 W593         0   17   15      3               2
 W594         0   17   16      3              -1
 W597         0   17   19      3              -1
 W598         0   17   20      3               4
 W599         0   17   21      4               3
 W600         0   17   22      4              -1
 W601         0   17   23      4              -1
 W602         0   17   24      4              -1
 W603         0   17   25      4              -1
 W604         0   17   26      4               5
 W605         0   17   27      5               4
 W606         0   17   28      5              -1
 W607         0   17   29      5              -1
 W608         0   17   30      5              -1
 W609         0   17   31      5              -1
 W610         0   17   32      5               6
 W611         0   17   33      6               5
 W612         0   17   34      6              -1
 W613         0   16    1      0              -1
 W614         0   16    2      0               1
 W615         0   16    3      1               0
 W616         0   16    4      1              -1
 W617         0   16    5      1              -1
 W618         0   16    6      1              -1
 W619         0   16    7      1              -1
 W620         0   16    8      1               2
 W621         0   16    9      2               1
 W622         0   16   10      2              -1
 W623         0   16   11      2              -1
 W624         0   16   12      2              -1
 W625         0   16   13      2              -1
 W626         0   16   14      2               3
 W627         0   16   15      3               2
 W628         0   16   16      3              -1
 W629         0   16   17      3              -1
 W630         0   16   18      3              -1
 W631         0   16   19      3              -1
 W632         0   16   20      3               4
 W633         0   16   21      4               3
 W634         0   16   22      4              -1
 W635         0   16   23      4              -1
 W636         0   16   24      4              -1
 W637         0   16   25      4              -1
 W638         0   16   26      4               5
 W639         0   16   27      5               4
 W640         0   16   28      5              -1
 W641         0   16   29      5              -1
 W642         0   16   30      5              -1
 W643         0   16   31      5              -1
 W644         0   16   32      5               6
 W645         0   16   33      6               5
 W646         0   16   34      6              -1
 W647         0   15    1      0              -1
 W648         0   15    2      0               1
 W649         0   15    3      1               0
 W650         0   15    4      1              -1
 W651         0   15    5      1              -1
 W652         0   15    6      1              -1
 W653         0   15    7      1              -1
 W654         0   15    8      1               2
 W655         0   15    9      2               1
 W656         0   15   10      2              -1
 W657         0   15   11      2              -1
 W658         0   15   12      2              -1
 W659         0   15   13      2              -1
 W660         0   15   14      2               3
 W661         0   15   15      3               2
 W662         0   15   16      3              -1
 W663         0   15   17      3              -1
 W664         0   15   18      3              -1
 W665         0   15   19      3              -1
 W666         0   15   20      3               4
 W667         0   15   21      4               3
 W668         0   15   22      4              -1
 W669         0   15   23      4              -1
 W670         0   15   24      4              -1
 W671         0   15   25      4              -1
 W672         0   15   26      4               5
 W673         0   15   27      5               4
 W674         0   15   28      5              -1
 W675         0   15   29      5              -1
 W676         0   15   30      5              -1
 W677         0   15   31      5              -1
 W678         0   15   32      5               6
 W679         0   15   33      6               5
 W680         0   15   34      6              -1
 W681         0   14    1      0              -1
 W682         0   14    2      0               1
 W683         0   14    3      1               0
 W684         0   14    4      1              -1
 W685         0   14    5      1              -1
 W686         0   14    6      1              -1
 W687         0   14    7      1              -1
 W688         0   14    8      1               2
 W689         0   14    9      2               1
 W690         0   14   10      2              -1
 W691         0   14   11      2              -1
 W692         0   14   12      2              -1
 W693         0   14   13      2              -1
 W694         0   14   14      2               3
 W695         0   14   15      3               2
 W696         0   14   16      3              -1
 W697         0   14   17      3              -1
 W698         0   14   18      3              -1
 W699         0   14   19      3              -1
 W700         0   14   20      3               4
 W701         0   14   21      4               3
 W702         0   14   22      4              -1
 W703         0   14   23      4              -1
 W704         0   14   24      4              -1
 W705         0   14   25      4              -1
 W706         0   14   26      4               5
 W707         0   14   27      5               4
 W708         0   14   28      5              -1
 W709         0   14   29      5              -1
 W710         0   14   30      5              -1
 W711         0   14   31      5              -1
 W712         0   14   32      5               6
 W713         0   14   33      6               5
 W714         0   14   34      6              -1
 W715         0   13    1      0              -1
 W716         0   13    2      0               1
 W717         0   13    3      1               0
 W718         0   13    4      1              -1
 W719         0   13    5      1              -1
 W720         0   13    6      1              -1
 W721         0   13    7      1              -1
 W722         0   13    8      1               2
 W723         0   13    9      2               1
 W724         0   13   10      2              -1
 W725         0   13   11      2              -1
 W726         0   13   12      2              -1
 W727         0   13   13      2              -1
 W728         0   13   14      2               3
 W729         0   13   15      3               2
 W730         0   13   16      3              -1
 W731         0   13   17      3              -1
 W732         0   13   18      3              -1
 W733         0   13   19      3              -1
 W734         0   13   20      3               4
 W735         0   13   21      4               3
 W736         0   13   22      4              -1
 W737         0   13   23      4              -1
 W738         0   13   24      4              -1
 W739         0   13   25      4              -1
 W740         0   13   26      4               5
 W741         0   13   27      5               4
 W742         0   13   28      5              -1
 W743         0   13   29      5              -1
 W744         0   13   30      5              -1
 W745         0   13   31      5              -1
 W746         0   13   32      5               6
 W747         0   13   33      6               5
 W748         0   13   34      6              -1
 W749         0   12    1      0              -1
 W750         0   12    2      0               1
 W751         0   12    3      1               0
 W752         0   12    4      1              -1
 W753         0   12    5      1              -1
 W754         0   12    6      1              -1
 W755         0   12    7      1              -1
 W756         0   12    8      1               2
 W757         0   12    9      2               1
 W758         0   12   10      2              -1
 W759         0   12   11      2              -1
 W760         0   12   12      2              -1
 W761         0   12   13      2              -1
 W762         0   12   14      2               3
 W763         0   12   15      3               2
 W764         0   12   16      3              -1
 W765         0   12   17      3              -1
 W766         0   12   18      3              -1
 W767         0   12   19      3              -1
 W768         0   12   20      3               4
 W769         0   12   21      4               3
 W770         0   12   22      4              -1
 W771         0   12   23      4              -1
 W772         0   12   24      4              -1
 W773         0   12   25      4              -1
 W774         0   12   26      4               5
 W775         0   12   27      5               4
 W776         0   12   28      5              -1
 W777         0   12   29      5              -1
 W778         0   12   30      5              -1
 W779         0   12   31      5              -1
 W780         0   12   32      5               6
 W781         0   12   33      6               5
 W782         0   12   34      6              -1
 W783         0   11    1      0              -1
 W784         0   11    2      0               1
 W785         0   11    3      1               0
 W786         0   11    4      1              -1
 W787         0   11    5      1              -1
 W788         0   11    6      1              -1
 W789         0   11    7      1              -1
 W790         0   11    8      1               2
 W791         0   11    9      2               1
 W792         0   11   10      2              -1
 W793         0   11   11      2              -1
 W794         0   11   12      2              -1
 W795         0   11   13      2              -1
 W796         0   11   14      2               3
 W797         0   11   15      3               2
 W798         0   11   16      3              -1
 W799         0   11   17      3              -1
 W800         0   11   18      3              -1
 W801         0   11   19      3              -1
 W802         0   11   20      3               4
 W803         0   11   21      4               3
 W804         0   11   22      4              -1
 W805         0   11   23      4              -1
 W806         0   11   24      4              -1
 W807         0   11   25      4              -1
 W808         0   11   26      4               5
 W809         0   11   27      5               4
 W810         0   11   28      5              -1
 W811         0   11   29      5              -1
 W812         0   11   30      5              -1
 W813         0   11   31      5              -1
 W814         0   11   32      5               6
 W815         0   11   33      6               5
 W816         0   11   34      6              -1
 W817         0   10    1      0              -1
 W818         0   10    2      0               1
 W819         0   10    3      1               0
 W820         0   10    4      1              -1
 W821         0   10    5      1              -1
 W822         0   10    6      1              -1
 W823         0   10    7      1              -1
 W824         0   10    8      1               2
 W825         0   10    9      2               1
 W826         0   10   10      2              -1
 W827         0   10   11      2              -1
 W828         0   10   12      2              -1
 W829         0   10   13      2              -1
 W830         0   10   14      2               3
 W831         0   10   15      3               2
 W832         0   10   16      3              -1
 W833         0   10   17      3              -1
 W834         0   10   18      3              -1
 W835         0   10   19      3              -1
 W836         0   10   20      3               4
 W837         0   10   21      4               3
 W838         0   10   22      4              -1
 W839         0   10   23      4              -1
 W840         0   10   24      4              -1
 W841         0   10   25      4              -1
 W842         0   10   26      4               5
 W843         0   10   27      5               4
 W844         0   10   28      5              -1
 W845         0   10   29      5              -1
 W846         0   10   30      5              -1
 W847         0   10   31      5              -1
 W848         0   10   32      5               6
 W849         0   10   33      6               5
 W850         0   10   34      6              -1
 W851         0    9    1      0              -1
 W852         0    9    2      0               1
 W853         0    9    3      1               0
 W854         0    9    4      1              -1
 W855         0    9    5      1              -1
 W856         0    9    6      1              -1
 W857         0    9    7      1              -1
 W858         0    9    8      1               2
 W859         0    9    9      2               1
 W860         0    9   10      2              -1
 W861         0    9   11      2              -1
 W862         0    9   12      2              -1
 W863         0    9   13      2              -1
 W864         0    9   14      2               3
 W865         0    9   15      3               2
 W866         0    9   16      3              -1
 W867         0    9   17      3              -1
 W868         0    9   18      3              -1
 W869         0    9   19      3              -1
 W870         0    9   20      3               4
 W871         0    9   21      4               3
 W872         0    9   22      4              -1
 W873         0    9   23      4              -1
 W874         0    9   24      4              -1
 W875         0    9   25      4              -1
 W876         0    9   26      4               5
 W877         0    9   27      5               4
 W878         0    9   28      5              -1
 W879         0    9   29      5              -1
 W880         0    9   30      5              -1
 W881         0    9   31      5              -1
 W882         0    9   32      5               6
 W883         0    9   33      6               5
 W884         0    9   34      6              -1
 W885         0    8    1      0              -1
 W886         0    8    2      0               1
 W887         0    8    3      1               0
 W888         0    8    4      1              -1
 W889         0    8    5      1              -1
 W890         0    8    6      1              -1
 W891         0    8    7      1              -1
 W892         0    8    8      1               2
 W893         0    8    9      2               1
 W894         0    8   10      2              -1
 W895         0    8   11      2              -1
 W896         0    8   12      2              -1
 W897         0    8   13      2              -1
 W898         0    8   14      2               3
 W899         0    8   15      3               2
 W900         0    8   16      3              -1
 W901         0    8   17      3              -1
 W902         0    8   18      3              -1
 W903         0    8   19      3              -1
 W904         0    8   20      3               4
 W905         0    8   21      4               3
 W906         0    8   22      4              -1
 W907         0    8   23      4              -1
 W908         0    8   24      4              -1
 W909         0    8   25      4              -1
 W910         0    8   26      4               5
 W911         0    8   27      5               4
 W912         0    8   28      5              -1
 W913         0    8   29      5              -1
 W914         0    8   30      5              -1
 W915         0    8   31      5              -1
 W916         0    8   32      5               6
 W917         0    8   33      6               5
 W918         0    8   34      6              -1
 W919         0    7    1      0              -1
 W920         0    7    2      0               1
 W921         0    7    3      1               0
 W922         0    7    4      1              -1
 W923         0    7    5      1              -1
 W924         0    7    6      1              -1
 W925         0    7    7      1              -1
 W926         0    7    8      1               2
 W927         0    7    9      2               1
 W928         0    7   10      2              -1
 W929         0    7   11      2              -1
 W930         0    7   12      2              -1
 W931         0    7   13      2              -1
 W932         0    7   14      2               3
 W933         0    7   15      3               2
 W934         0    7   16      3              -1
 W935         0    7   17      3              -1
 W936         0    7   18      3              -1
 W937         0    7   19      3              -1
 W938         0    7   20      3               4
 W939         0    7   21      4               3
 W940         0    7   22      4              -1
 W941         0    7   23      4              -1
 W942         0    7   24      4              -1
 W943         0    7   25      4              -1
 W944         0    7   26      4               5
 W945         0    7   27      5               4
 W946         0    7   28      5              -1
 W947         0    7   29      5              -1
 W948         0    7   30      5              -1
 W949         0    7   31      5              -1
 W950         0    7   32      5               6
 W951         0    7   33      6               5
 W952         0    7   34      6              -1
 W953         0    6    1      0              -1
 W954         0    6    2      0               1
 W955         0    6    3      1               0
 W956         0    6    4      1              -1
 W957         0    6    5      1              -1
 W958         0    6    6      1              -1
 W959         0    6    7      1              -1
 W960         0    6    8      1               2
 W961         0    6    9      2               1
 W962         0    6   10      2              -1
 W963         0    6   11      2              -1
 W964         0    6   12      2              -1
 W965         0    6   13      2              -1
 W966         0    6   14      2               3
 W967         0    6   15      3               2
 W968         0    6   16      3              -1
 W969         0    6   17      3              -1
 W970         0    6   18      3              -1
 W971         0    6   19      3              -1
 W972         0    6   20      3               4
 W973         0    6   21      4               3
 W974         0    6   22      4              -1
 W975         0    6   23      4              -1
 W976         0    6   24      4              -1
 W977         0    6   25      4              -1
 W978         0    6   26      4               5
 W979         0    6   27      5               4
 W980         0    6   28      5              -1
 W981         0    6   29      5              -1
 W982         0    6   30      5              -1
 W983         0    6   31      5              -1
 W984         0    6   32      5               6
 W985         0    6   33      6               5
 W986         0    6   34      6              -1
 W987         0    5    1      0              -1
 W988         0    5    2      0               1
 W989         0    5    3      1               0
 W990         0    5    4      1              -1
 W991         0    5    5      1              -1
 W992         0    5    6      1              -1
 W993         0    5    7      1              -1
 W994         0    5    8      1               2
 W995         0    5    9      2               1
 W996         0    5   10      2              -1
 W997         0    5   11      2              -1
 W998         0    5   12      2              -1
 W999         0    5   13      2              -1
W1000         0    5   14      2               3
W1001         0    5   15      3               2
W1002         0    5   16      3              -1
W1003         0    5   17      3              -1
W1004         0    5   18      3              -1
W1005         0    5   19      3              -1
W1006         0    5   20      3               4
W1007         0    5   21      4               3
W1008         0    5   22      4              -1
W1009         0    5   23      4              -1
W1010         0    5   24      4              -1
W1011         0    5   25      4              -1
W1012         0    5   26      4               5
W1013         0    5   27      5               4
W1014         0    5   28      5              -1
W1015         0    5   29      5              -1
W1016         0    5   30      5              -1
W1017         0    5   31      5              -1
W1018         0    5   32      5               6
W1019         0    5   33      6               5
W1020         0    5   34      6              -1
W1021         0    4    1      0              -1
W1022         0    4    2      0               1
W1023         0    4    3      1               0
W1024         0    4    4      1              -1
W1025         0    4    5      1              -1
W1026         0    4    6      1              -1
W1027         0    4    7      1              -1
W1028         0    4    8      1               2
W1029         0    4    9      2               1
W1030         0    4   10      2              -1
W1031         0    4   11      2              -1
W1032         0    4   12      2              -1
W1033         0    4   13      2              -1
W1034         0    4   14      2               3
W1035         0    4   15      3               2
W1036         0    4   16      3              -1
W1037         0    4   17      3              -1
W1038         0    4   18      3              -1
W1039         0    4   19      3              -1
W1040         0    4   20      3               4
W1041         0    4   21      4               3
W1042         0    4   22      4              -1
W1043         0    4   23      4              -1
W1044         0    4   24      4              -1
W1045         0    4   25      4              -1
W1046         0    4   26      4               5
W1047         0    4   27      5               4
W1048         0    4   28      5              -1
W1049         0    4   29      5              -1
W1050         0    4   30      5              -1
W1051         0    4   31      5              -1
W1052         0    4   32      5               6
W1053         0    4   33      6               5
W1054         0    4   34      6              -1
W1055         0    3    1      0              -1
W1056         0    3    2      0               1
W1057         0    3    3      1               0
W1058         0    3    4      1              -1
W1059         0    3    5      1              -1
W1060         0    3    6      1              -1
W1061         0    3    7      1              -1
W1062         0    3    8      1               2
W1063         0    3    9      2               1
W1064         0    3   10      2              -1
W1065         0    3   11      2              -1
W1066         0    3   12      2              -1
W1067         0    3   13      2              -1
W1068         0    3   14      2               3
W1069         0    3   15      3               2
W1070         0    3   16      3              -1
W1071         0    3   17      3              -1
W1072         0    3   18      3              -1
W1073         0    3   19      3              -1
W1074         0    3   20      3               4
W1075         0    3   21      4               3
W1076         0    3   22      4              -1
W1077         0    3   23      4              -1
W1078         0    3   24      4              -1
W1079         0    3   25      4              -1
W1080         0    3   26      4               5
W1081         0    3   27      5               4
W1082         0    3   28      5              -1
W1083         0    3   29      5              -1
W1084         0    3   30      5              -1
W1085         0    3   31      5              -1
W1086         0    3   32      5               6
W1087         0    3   33      6               5
W1088         0    3   34      6              -1
W1089         0    2    1      0              -1
W1090         0    2    2      0               1
W1091         0    2    3      1               0
W1092         0    2    4      1              -1
W1093         0    2    5      1              -1
W1094         0    2    6      1              -1
W1095         0    2    7      1              -1
W1096         0    2    8      1               2
W1097         0    2    9      2               1
W1098         0    2   10      2              -1
W1099         0    2   11      2              -1
W1100         0    2   12      2              -1
W1101         0    2   13      2              -1
W1102         0    2   14      2               3
W1103         0    2   15      3               2
W1104         0    2   16      3              -1
W1105         0    2   17      3              -1
W1106         0    2   18      3              -1
W1107         0    2   19      3              -1
W1108         0    2   20      3               4
W1109         0    2   21      4               3
W1110         0    2   22      4              -1
W1111         0    2   23      4              -1
W1112         0    2   24      4              -1
W1113         0    2   25      4              -1
W1114         0    2   26      4               5
W1115         0    2   27      5               4
W1116         0    2   28      5              -1
W1117         0    2   29      5              -1
W1118         0    2   30      5              -1
W1119         0    2   31      5              -1
W1120         0    2   32      5               6
W1121         0    2   33      6               5
W1122         0    2   34      6              -1
W1123         0    1    1      0               1
W1124         0    1    2      0               1
W1125         0    1    3      1               0
W1126         0    1    4      1              -1
W1127         0    1    5      1              -1
W1128         0    1    6      1              -1
W1129         0    1    7      1               2
W1130         0    1    8      1               2
W1131         0    1    9      2               1
W1132         0    1   10      2              -1
W1133         0    1   11      2              -1
W1134         0    1   12      2              -1
W1135         0    1   13      2              -1
W1136         0    1   14      2               3
W1137         0    1   15      3               2
W1138         0    1   16      3               2
W1139         0    1   17      3              -1
W1140         0    1   18      3              -1
W1141         0    1   19      3              -1
W1142         0    1   20      3               4
W1143         0    1   21      4               3
W1144         0    1   22      4              -1
W1145         0    1   23      4              -1
W1146         0    1   24      4              -1
W1147         0    1   25      4              -1
W1148         0    1   26      4               5
W1149         0    1   27      5               4
W1150         0    1   28      5               4
W1151         0    1   29      5              -1
W1152         0    1   30      5              -1
W1153         0    1   31      5              -1
W1154         0    1   32      5               6
W1155         0    1   33      6               5
W1156         0    1   34      6               5