id    name   board connector row column trigger_group
   1  G1     10      1        1  12     TGG1
   2  G2     10      2        1  11     TGG1
   3  G3     10      3        2  12     TGG1
   4  G4     10      4        2  11     TGG1
   5  G5     10      5        3  12     TGG1
   6  G6     10      6        3  11     TGG1
   7  G7      9      4        2  11     TGG2
   8  G8      9      5        3  12     TGG2
   9  G9      9      6        3  11     TGG2
  10  G10     7      7        4  12     TGG2
  11  G11     7      8        4  11     TGG2
  12  G12     7      9        5  12     TGG2
  13  G13     6      4        2  11     TGG3
  14  G14     6      5        3  12     TGG3
  15  G15     6      6        3  11     TGG3
  16  G16     5      4        2   2     TGG3
  17  G17     5      5        3   1     TGG3
  18  G18     5      6        3   2     TGG3
  19  G19     4      7        4  12     TGG4
  20  G20     4      8        4  11     TGG4
  21  G21     4      9        5  12     TGG4
  22  G22     2      4        2  11     TGG4
  23  G23     2      5        3  12     TGG4
  24  G24     2      6        3  11     TGG4
  25  G25     1      1        1   1     TGG5
  26  G26     1      2        1   2     TGG5
  27  G27     1      3        2   1     TGG5
  28  G28     1      4        2   2     TGG5
  29  G29     1      5        3   1     TGG5
  30  G30     1      6        3   2     TGG5
  31  G31    10      7        4  12     TGG1
  32  G32    10      8        4  11     TGG1
  33  G33    10      9        5  12     TGG1
  34  G34    10     10        5  11     TGG1
  35  G35    10     11        6  12     TGG1
  36  G36    10     12        6  11     TGG1
  37  G37     9      7        4  12     TGG2
  38  G38     9      8        4  11     TGG2
  39  G39     9      9        5  12     TGG2
  40  G40     7     10        5  11     TGG2
  41  G41     7     11        6  12     TGG2
  42  G42     7     12        6  11     TGG2
  43  G43     6      7        4  12     TGG3
  44  G44     6      8        4  11     TGG3
  45  G45     6      9        5  12     TGG3
  46  G46     5      7        4   1     TGG3
  47  G47     5      8        4   2     TGG3
  48  G48     5      9        5   1     TGG3
  49  G49     4     10        5  11     TGG4
  50  G50     4     11        6  12     TGG4
  51  G51     4     12        6  11     TGG4
  52  G52     2      7        4  12     TGG4
  53  G53     2      8        4  11     TGG4
  54  G54     2      9        5  12     TGG4
  55  G55     1      7        4   1     TGG5
  56  G56     1      8        4   2     TGG5
  57  G57     1      9        5   1     TGG5
  58  G58     1     10        5   2     TGG5
  59  G59     1     11        6   1     TGG5
  60  G60     1     12        6   2     TGG5
  61  G61    10     13        7  12     TGG1
  62  G62    10     14        7  11     TGG1
  63  G63    10     15        8  12     TGG1
  64  G64    10     16        8  11     TGG1
  65  G65    10     17        9  12     TGG1
  66  G66    10     18        9  11     TGG1
  67  G67     9     10        5  11     TGG2
  68  G68     9     11        6  12     TGG2
  69  G69     9     12        6  11     TGG2
  70  G70     7     13        7  12     TGG2
  71  G71     7     14        7  11     TGG2
  72  G72     7     15        8  12     TGG2
  73  G73     6     10        5  11     TGG3
  74  G74     6     11        6  12     TGG3
  75  G75     6     12        6  11     TGG3
  76  G76     5     10        5   2     TGG3
  77  G77     5     11        6   1     TGG3
  78  G78     5     12        6   2     TGG3
  79  G79     4     13        7  12     TGG4
  80  G80     4     14        7  11     TGG4
  81  G81     4     15        8  12     TGG4
  82  G82     2     10        5  11     TGG4
  83  G83     2     11        6  12     TGG4
  84  G84     2     12        6  11     TGG4
  85  G85     1     13        7   1     TGG5
  86  G86     1     14        7   2     TGG5
  87  G87     1     15        8   1     TGG5
  88  G88     1     16        8   2     TGG5
  89  G89     1     17        9   1     TGG5
  90  G90     1     18        9   2     TGG5
  91  G91    10     19       10  12     TGG1
  92  G92    10     20       10  11     TGG1
  93  G93    10     21       11  12     TGG1
  94  G94    10     22       11  11     TGG1
  95  G95    10     23       12  12     TGG1
  96  G96    10     24       12  11     TGG1
  97  G97     9     13        7  12     TGG2
  98  G98     9     14        7  11     TGG2
  99  G99     9     15        8  12     TGG2
 100  G100    7     16        8  11     TGG2
 101  G101    7     17        9  12     TGG2
 102  G102    7     18        9  11     TGG2
 103  G103    6     13        7  12     TGG3
 104  G104    6     14        7  11     TGG3
 105  G105    6     15        8  12     TGG3
 106  G106    5     13        7   1     TGG3
 107  G107    5     14        7   2     TGG3
 108  G108    5     15        8   1     TGG3
 109  G109    4     16        8  11     TGG4
 110  G110    4     17        9  12     TGG4
 111  G111    4     18        9  11     TGG4
 112  G112    2     13        7  12     TGG4
 113  G113    2     14        7  11     TGG4
 114  G114    2     15        8  12     TGG4
 115  G115    1     19       10   1     TGG5
 116  G116    1     20       10   2     TGG5
 117  G117    1     21       11   1     TGG5
 118  G118    1     22       11   2     TGG5
 119  G119    1     23       12   1     TGG5
 120  G120    1     24       12   2     TGG5
 121  G121   10     25       13  12     TGG1
 122  G122   10     26       13  11     TGG1
 123  G123   10     27       14  12     TGG1
 124  G124   10     28       14  11     TGG1
 125  G125   10     29       15  12     TGG1
 126  G126   10     30       15  11     TGG1
 127  G127    9     16        8  11     TGG2
 128  G128    9     17        9  12     TGG2
 129  G129    9     18        9  11     TGG2
 130  G130    7     19       10  12     TGG2
 131  G131    7     20       10  11     TGG2
 132  G132    7     21       11  12     TGG2
 133  G133    6     16        8  11     TGG3
 134  G134    6     17        9  12     TGG3
 135  G135    6     18        9  11     TGG3
 136  G136    5     16        8   2     TGG3
 137  G137    5     17        9   1     TGG3
 138  G138    5     18        9   2     TGG3
 139  G139    4     19       10  12     TGG4
 140  G140    4     20       10  11     TGG4
 141  G141    4     21       11  12     TGG4
 142  G142    2     16        8  11     TGG4
 143  G143    2     17        9  12     TGG4
 144  G144    2     18        9  11     TGG4
 145  G145    1     25       13   1     TGG5
 146  G146    1     26       13   2     TGG5
 147  G147    1     27       14   1     TGG5
 148  G148    1     28       14   2     TGG5
 149  G149    1     29       15   1     TGG5
 150  G150    1     30       15   2     TGG5
 151  G151   10     31        1  10     TGG1
 152  G152   10     32        1   9     TGG1
 153  G153   10     33        2  10     TGG1
 154  G154   10     34        2   9     TGG1
 155  G155   10     35        3  10     TGG1
 156  G156   10     36        3   9     TGG1
 157  G157    9     19       10  12     TGG2
 158  G158    9     20       10  11     TGG2
 159  G159    9     21       11  12     TGG2
 160  G160    7     22       11  11     TGG2
 161  G161    7     23       12  12     TGG2
 162  G162    7     24       12  11     TGG2
 163  G163    6     19       10  12     TGG3
 164  G164    6     20       10  11     TGG3
 165  G165    6     21       11  12     TGG3
 166  G166    5     19       10   1     TGG3
 167  G167    5     20       10   2     TGG3
 168  G168    5     21       11   1     TGG3
 169  G169    4     22       11  11     TGG4
 170  G170    4     23       12  12     TGG4
 171  G171    4     24       12  11     TGG4
 172  G172    2     19       10  12     TGG4
 173  G173    2     20       10  11     TGG4
 174  G174    2     21       11  12     TGG4
 175  G175    1     31        1   3     TGG5
 176  G176    1     32        1   4     TGG5
 177  G177    1     33        2   3     TGG5
 178  G178    1     34        2   4     TGG5
 179  G179    1     35        3   3     TGG5
 180  G180    1     36        3   4     TGG5
 181  G181   10     37        4  10     TGG21
 182  G182   10     38        4   9     TGG21
 183  G183   10     39        5  10     TGG21
 184  G184   10     40        5   9     TGG21
 185  G185   10     41        6  10     TGG21
 186  G186   10     42        6   9     TGG21
 205  G205    1     37        4   3     TGG10
 206  G206    1     38        4   4     TGG10
 207  G207    1     39        5   3     TGG10
 208  G208    1     40        5   4     TGG10
 209  G209    1     41        6   3     TGG10
 210  G210    1     42        6   4     TGG10
 211  G211   10     43        7  10     TGG21
 212  G212   10     44        7   9     TGG21
 213  G213   10     45        8  10     TGG21
 214  G214   10     46        8   9     TGG21
 215  G215   10     47        9  10     TGG21
 216  G216   10     48        9   9     TGG21
 235  G235    1     43        7   3     TGG10
 236  G236    1     44        7   4     TGG10
 237  G237    1     45        8   3     TGG10
 238  G238    1     46        8   4     TGG10
 239  G239    1     47        9   3     TGG10
 240  G240    1     48        9   4     TGG10
 241  G241   10     49       10  10     TGG21
 242  G242   10     50       10   9     TGG21
 243  G243   10     51       11  10     TGG21
 244  G244   10     52       11   9     TGG21
 245  G245   10     53       12  10     TGG21
 246  G246   10     54       12   9     TGG21
 265  G265    1     49       10   3     TGG10
 266  G266    1     50       10   4     TGG10
 267  G267    1     51       11   3     TGG10
 268  G268    1     52       11   4     TGG10
 269  G269    1     53       12   3     TGG10
 270  G270    1     54       12   4     TGG10
 271  G271   10     55       13  10     TGG21
 272  G272   10     56       13   9     TGG21
 273  G273   10     57       14  10     TGG21
 274  G274   10     58       14   9     TGG21
 275  G275   10     59       15  10     TGG21
 276  G276   10     60       15   9     TGG21
 295  G295    1     55       13   3     TGG10
 296  G296    1     56       13   4     TGG10
 297  G297    1     57       14   3     TGG10
 298  G298    1     58       14   4     TGG10
 299  G299    1     59       15   3     TGG10
 300  G300    1     60       15   4     TGG10
 301  G301   10     61        1   8     TGG21
 302  G302   10     62        1   7     TGG21
 303  G303   10     63        2   8     TGG21
 304  G304   10     64        2   7     TGG21
 305  G305   10     65        3   8     TGG21
 306  G306   10     66        3   7     TGG21
 325  G325    1     61        1   5     TGG10
 326  G326    1     62        1   6     TGG10
 327  G327    1     63        2   5     TGG10
 328  G328    1     64        2   6     TGG10
 329  G329    1     65        3   5     TGG10
 330  G330    1     66        3   6     TGG10
 331  G331   10     67        4   8     TGG21
 332  G332   10     68        4   7     TGG21
 333  G333   10     69        5   8     TGG21
 334  G334   10     70        5   7     TGG21
 335  G335   10     71        6   8     TGG21
 336  G336   10     72        6   7     TGG21
 355  G355    1     67        4   5     TGG10
 356  G356    1     68        4   6     TGG10
 357  G357    1     69        5   5     TGG10
 358  G358    1     70        5   6     TGG10
 359  G359    1     71        6   5     TGG10
 360  G360    1     72        6   6     TGG10
 361  G361   10     73        7   8     TGG16
 362  G362   10     74        7   7     TGG16
 363  G363   10     75        8   8     TGG16
 364  G364   10     76        8   7     TGG16
 365  G365   10     77        9   8     TGG16
 366  G366   10     78        9   7     TGG16
 385  G385    1     73        7   5     TGG15
 386  G386    1     74        7   6     TGG15
 387  G387    1     75        8   5     TGG15
 388  G388    1     76        8   6     TGG15
 389  G389    1     77        9   5     TGG15
 390  G390    1     78        9   6     TGG15
 391  G391   10     79       10   8     TGG16
 392  G392   10     80       10   7     TGG16
 393  G393   10     81       11   8     TGG16
 394  G394   10     82       11   7     TGG16
 395  G395   10     83       12   8     TGG16
 396  G396   10     84       12   7     TGG16
 415  G415    1     79       10   5     TGG15
 416  G416    1     80       10   6     TGG15
 417  G417    1     81       11   5     TGG15
 418  G418    1     82       11   6     TGG15
 419  G419    1     83       12   5     TGG15
 420  G420    1     84       12   6     TGG15
 421  G421   10     85       13   8     TGG16
 422  G422   10     86       13   7     TGG16
 423  G423   10     87       14   8     TGG16
 424  G424   10     88       14   7     TGG16
 425  G425   10     89       15   8     TGG16
 426  G426   10     90       15   7     TGG16
 445  G445    1     85       13   5     TGG15
 446  G446    1     86       13   6     TGG15
 447  G447    1     87       14   5     TGG15
 448  G448    1     88       14   6     TGG15
 449  G449    1     89       15   5     TGG15
 450  G450    1     90       15   6     TGG15
 451  G451   10     91        1   6     TGG16
 452  G452   10     92        1   5     TGG16
 453  G453   10     93        2   6     TGG16
 454  G454   10     94        2   5     TGG16
 455  G455   10     95        3   6     TGG16
 456  G456   10     96        3   5     TGG16
 475  G475    1     91        1   7     TGG15
 476  G476    1     92        1   8     TGG15
 477  G477    1     93        2   7     TGG15
 478  G478    1     94        2   8     TGG15
 479  G479    1     95        3   7     TGG15
 480  G480    1     96        3   8     TGG15
 481  G481   10     97        4   6     TGG16
 482  G482   10     98        4   5     TGG16
 483  G483   10     99        5   6     TGG16
 484  G484   10    100        5   5     TGG16
 485  G485   10    101        6   6     TGG16
 486  G486   10    102        6   5     TGG16
 505  G505    1     97        4   7     TGG15
 506  G506    1     98        4   8     TGG15
 507  G507    1     99        5   7     TGG15
 508  G508    1    100        5   8     TGG15
 509  G509    1    101        6   7     TGG15
 510  G510    1    102        6   8     TGG15
 511  G511   10    103        7   6     TGG16
 512  G512   10    104        7   5     TGG16
 513  G513   10    105        8   6     TGG16
 514  G514   10    106        8   5     TGG16
 515  G515   10    107        9   6     TGG16
 516  G516   10    108        9   5     TGG16
 535  G535    1    103        7   7     TGG15
 536  G536    1    104        7   8     TGG15
 537  G537    1    105        8   7     TGG15
 538  G538    1    106        8   8     TGG15
 539  G539    1    107        9   7     TGG15
 540  G540    1    108        9   8     TGG15
 541  G541   10    109       10   6     TGG11
 542  G542   10    110       10   5     TGG11
 543  G543   10    111       11   6     TGG11
 544  G544   10    112       11   5     TGG11
 545  G545   10    113       12   6     TGG11
 546  G546   10    114       12   5     TGG11
 565  G565    1    109       10   7     TGG20
 566  G566    1    110       10   8     TGG20
 567  G567    1    111       11   7     TGG20
 568  G568    1    112       11   8     TGG20
 569  G569    1    113       12   7     TGG20
 570  G570    1    114       12   8     TGG20
 571  G571   10    115       13   6     TGG11
 572  G572   10    116       13   5     TGG11
 573  G573   10    117       14   6     TGG11
 574  G574   10    118       14   5     TGG11
 575  G575   10    119       15   6     TGG11
 576  G576   10    120       15   5     TGG11
 595  G595    1    115       13   7     TGG20
 596  G596    1    116       13   8     TGG20
 597  G597    1    117       14   7     TGG20
 598  G598    1    118       14   8     TGG20
 599  G599    1    119       15   7     TGG20
 600  G600    1    120       15   8     TGG20
 601  G601   10    121        1   4     TGG11
 602  G602   10    122        1   3     TGG11
 603  G603   10    123        2   4     TGG11
 604  G604   10    124        2   3     TGG11
 605  G605   10    125        3   4     TGG11
 606  G606   10    126        3   3     TGG11
 625  G625    1    121        1   9     TGG20
 626  G626    1    122        1  10     TGG20
 627  G627    1    123        2   9     TGG20
 628  G628    1    124        2  10     TGG20
 629  G629    1    125        3   9     TGG20
 630  G630    1    126        3  10     TGG20
 631  G631   10    127        4   4     TGG11
 632  G632   10    128        4   3     TGG11
 633  G633   10    129        5   4     TGG11
 634  G634   10    130        5   3     TGG11
 635  G635   10    131        6   4     TGG11
 636  G636   10    132        6   3     TGG11
 655  G655    1    127        4   9     TGG20
 656  G656    1    128        4  10     TGG20
 657  G657    1    129        5   9     TGG20
 658  G658    1    130        5  10     TGG20
 659  G659    1    131        6   9     TGG20
 660  G660    1    132        6  10     TGG20
 661  G661   10    133        7   4     TGG11
 662  G662   10    134        7   3     TGG11
 663  G663   10    135        8   4     TGG11
 664  G664   10    136        8   3     TGG11
 665  G665   10    137        9   4     TGG11
 666  G666   10    138        9   3     TGG11
 685  G685    1    133        7   9     TGG20
 686  G686    1    134        7  10     TGG20
 687  G687    1    135        8   9     TGG20
 688  G688    1    136        8  10     TGG20
 689  G689    1    137        9   9     TGG20
 690  G690    1    138        9  10     TGG20
 691  G691   10    139       10   4     TGG11
 692  G692   10    140       10   3     TGG11
 693  G693   10    141       11   4     TGG11
 694  G694   10    142       11   3     TGG11
 695  G695   10    143       12   4     TGG11
 696  G696   10    144       12   3     TGG11
 715  G715    1    139       10   9     TGG20
 716  G716    1    140       10  10     TGG20
 717  G717    1    141       11   9     TGG20
 718  G718    1    142       11  10     TGG20
 719  G719    1    143       12   9     TGG20
 720  G720    1    144       12  10     TGG20
 721  G721   10    145       13   4     TGG6
 722  G722   10    146       13   3     TGG6
 723  G723   10    147       14   4     TGG6
 724  G724   10    148       14   3     TGG6
 725  G725   10    149       15   4     TGG6
 726  G726   10    150       15   3     TGG6
 727  G727    9    160        5   1     TGG22
 728  G728    9    161        6   2     TGG22
 729  G729    9    162        6   1     TGG22
 730  G730    7    157        4   2     TGG22
 731  G731    7    158        4   1     TGG22
 732  G732    7    159        5   2     TGG22
 733  G733    6    160        5   1     TGG23
 734  G734    6    161        6   2     TGG23
 735  G735    6    162        6   1     TGG23
 736  G736    5    160        5  12     TGG23
 737  G737    5    161        6  11     TGG23
 738  G738    5    162        6  12     TGG23
 739  G739    4    157        4   2     TGG24
 740  G740    4    158        4   1     TGG24
 741  G741    4    159        5   2     TGG24
 742  G742    2    160        5   1     TGG24
 743  G743    2    161        6   2     TGG24
 744  G744    2    162        6   1     TGG24
 745  G745    1    145       13   9     TGG25
 746  G746    1    146       13  10     TGG25
 747  G747    1    147       14   9     TGG25
 748  G748    1    148       14  10     TGG25
 749  G749    1    149       15   9     TGG25
 750  G750    1    150       15  10     TGG25
 751  G751   10    151        1   2     TGG6
 752  G752   10    152        1   1     TGG6
 753  G753   10    153        2   2     TGG6
 754  G754   10    154        2   1     TGG6
 755  G755   10    155        3   2     TGG6
 756  G756   10    156        3   1     TGG6
 757  G757    9    163        7   2     TGG22
 758  G758    9    164        7   1     TGG22
 759  G759    9    165        8   2     TGG22
 760  G760    7    160        5   1     TGG22
 761  G761    7    161        6   2     TGG22
 762  G762    7    162        6   1     TGG22
 763  G763    6    163        7   2     TGG23
 764  G764    6    164        7   1     TGG23
 765  G765    6    165        8   2     TGG23
 766  G766    5    163        7  11     TGG23
 767  G767    5    164        7  12     TGG23
 768  G768    5    165        8  11     TGG23
 769  G769    4    160        5   1     TGG24
 770  G770    4    161        6   2     TGG24
 771  G771    4    162        6   1     TGG24
 772  G772    2    163        7   2     TGG24
 773  G773    2    164        7   1     TGG24
 774  G774    2    165        8   2     TGG24
 775  G775    1    151        1  11     TGG25
 776  G776    1    152        1  12     TGG25
 777  G777    1    153        2  11     TGG25
 778  G778    1    154        2  12     TGG25
 779  G779    1    155        3  11     TGG25
 780  G780    1    156        3  12     TGG25
 781  G781   10    157        4   2     TGG6
 782  G782   10    158        4   1     TGG6
 783  G783   10    159        5   2     TGG6
 784  G784   10    160        5   1     TGG6
 785  G785   10    161        6   2     TGG6
 786  G786   10    162        6   1     TGG6
 787  G787    9    166        8   1     TGG22
 788  G788    9    167        9   2     TGG22
 789  G789    9    168        9   1     TGG22
 790  G790    7    163        7   2     TGG22
 791  G791    7    164        7   1     TGG22
 792  G792    7    165        8   2     TGG22
 793  G793    6    166        8   1     TGG23
 794  G794    6    167        9   2     TGG23
 795  G795    6    168        9   1     TGG23
 796  G796    5    166        8  12     TGG23
 797  G797    5    167        9  11     TGG23
 798  G798    5    168        9  12     TGG23
 799  G799    4    163        7   2     TGG24
 800  G800    4    164        7   1     TGG24
 801  G801    4    165        8   2     TGG24
 802  G802    2    166        8   1     TGG24
 803  G803    2    167        9   2     TGG24
 804  G804    2    168        9   1     TGG24
 805  G805    1    157        4  11     TGG25
 806  G806    1    158        4  12     TGG25
 807  G807    1    159        5  11     TGG25
 808  G808    1    160        5  12     TGG25
 809  G809    1    161        6  11     TGG25
 810  G810    1    162        6  12     TGG25
 811  G811   10    163        7   2     TGG6
 812  G812   10    164        7   1     TGG6
 813  G813   10    165        8   2     TGG6
 814  G814   10    166        8   1     TGG6
 815  G815   10    167        9   2     TGG6
 816  G816   10    168        9   1     TGG6
 817  G817    9    169       10   2     TGG22
 818  G818    9    170       10   1     TGG22
 819  G819    9    171       11   2     TGG22
 820  G820    7    166        8   1     TGG22
 821  G821    7    167        9   2     TGG22
 822  G822    7    168        9   1     TGG22
 823  G823    6    169       10   2     TGG23
 824  G824    6    170       10   1     TGG23
 825  G825    6    171       11   2     TGG23
 826  G826    5    169       10  11     TGG23
 827  G827    5    170       10  12     TGG23
 828  G828    5    171       11  11     TGG23
 829  G829    4    166        8   1     TGG24
 830  G830    4    167        9   2     TGG24
 831  G831    4    168        9   1     TGG24
 832  G832    2    169       10   2     TGG24
 833  G833    2    170       10   1     TGG24
 834  G834    2    171       11   2     TGG24
 835  G835    1    163        7  11     TGG25
 836  G836    1    164        7  12     TGG25
 837  G837    1    165        8  11     TGG25
 838  G838    1    166        8  12     TGG25
 839  G839    1    167        9  11     TGG25
 840  G840    1    168        9  12     TGG25
 841  G841   10    169       10   2     TGG6
 842  G842   10    170       10   1     TGG6
 843  G843   10    171       11   2     TGG6
 844  G844   10    172       11   1     TGG6
 845  G845   10    173       12   2     TGG6
 846  G846   10    174       12   1     TGG6
 847  G847    9    172       11   1     TGG22
 848  G848    9    173       12   2     TGG22
 849  G849    9    174       12   1     TGG22
 850  G850    7    169       10   2     TGG22
 851  G851    7    170       10   1     TGG22
 852  G852    7    171       11   2     TGG22
 853  G853    6    172       11   1     TGG23
 854  G854    6    173       12   2     TGG23
 855  G855    6    174       12   1     TGG23
 856  G856    5    172       11  12     TGG23
 857  G857    5    173       12  11     TGG23
 858  G858    5    174       12  12     TGG23
 859  G859    4    169       10   2     TGG24
 860  G860    4    170       10   1     TGG24
 861  G861    4    171       11   2     TGG24
 862  G862    2    172       11   1     TGG24
 863  G863    2    173       12   2     TGG24
 864  G864    2    174       12   1     TGG24
 865  G865    1    169       10  11     TGG25
 866  G866    1    170       10  12     TGG25
 867  G867    1    171       11  11     TGG25
 868  G868    1    172       11  12     TGG25
 869  G869    1    173       12  11     TGG25
 870  G870    1    174       12  12     TGG25
 871  G871   10    175       13   2     TGG6
 872  G872   10    176       13   1     TGG6
 873  G873   10    177       14   2     TGG6
 874  G874   10    178       14   1     TGG6
 875  G875   10    179       15   2     TGG6
 876  G876   10    180       15   1     TGG6
 877  G877    9    175       13   2     TGG22
 878  G878    9    176       13   1     TGG22
 879  G879    9    177       14   2     TGG22
 880  G880    7    172       11   1     TGG22
 881  G881    7    173       12   2     TGG22
 882  G882    7    174       12   1     TGG22
 883  G883    6    175       13   2     TGG23
 884  G884    6    176       13   1     TGG23
 885  G885    6    177       14   2     TGG23
 886  G886    5    175       13  11     TGG23
 887  G887    5    176       13  12     TGG23
 888  G888    5    177       14  11     TGG23
 889  G889    4    172       11   1     TGG24
 890  G890    4    173       12   2     TGG24
 891  G891    4    174       12   1     TGG24
 892  G892    2    175       13   2     TGG24
 893  G893    2    176       13   1     TGG24
 894  G894    2    177       14   2     TGG24
 895  G895    1    175       13  11     TGG25
 896  G896    1    176       13  12     TGG25
 897  G897    1    177       14  11     TGG25
 898  G898    1    178       14  12     TGG25
 899  G899    1    179       15  11     TGG25
 900  G900    1    180       15  12     TGG25
1001  W1      9     22       11  11     TGW1
1002  W2      9     23       12  12     TGW1
1003  W3      9     24       12  11     TGW1
1004  W4      8      7        4  12     TGW1
1005  W5      8      8        4  11     TGW1
1006  W6      8      9        5  12     TGW1
1007  W7      8     10        5  11     TGW2
1008  W8      8     11        6  12     TGW2
1009  W9      8     12        6  11     TGW2
1010  W10     7     25       13  12     TGW2
1011  W11     7     26       13  11     TGW2
1012  W12     7     27       14  12     TGW2
1013  W13     7     28       14  11     TGW3
1014  W14     7     29       15  12     TGW3
1015  W15     6     22       11  11     TGW3
1016  W16     6     23       12  12     TGW3
1017  W17     6     24       12  11     TGW3
1018  W18     5     22       11   2     TGW4
1019  W19     5     23       12   1     TGW4
1020  W20     5     24       12   2     TGW4
1021  W21     4     25       13  12     TGW4
1022  W22     4     26       13  11     TGW4
1023  W23     4     27       14  12     TGW5
1024  W24     4     28       14  11     TGW5
1025  W25     4     29       15  12     TGW5
1026  W26     3      7        4   1     TGW5
1027  W27     3      8        4   2     TGW5
1028  W28     3      9        5   1     TGW5
1029  W29     3     10        5   2     TGW6
1030  W30     3     11        6   1     TGW6
1031  W31     3     12        6   2     TGW6
1032  W32     2     22       11  11     TGW6
1033  W33     2     23       12  12     TGW6
1034  W34     2     24       12  11     TGW6
1035  W35     9     25       13  12     TGW1
1036  W36     9     26       13  11     TGW1
1037  W37     9     27       14  12     TGW1
1038  W38     8     13        7  12     TGW1
1039  W39     8     14        7  11     TGW1
1040  W40     8     15        8  12     TGW1
1041  W41     8     16        8  11     TGW2
1042  W42     8     17        9  12     TGW2
1043  W43     8     18        9  11     TGW2
1044  W44     7     30       15  11     TGW2
1045  W45     7     31        1  10     TGW2
1046  W46     7     32        1   9     TGW2
1047  W47     7     33        2  10     TGW3
1048  W48     7     34        2   9     TGW3
1049  W49     6     25       13  12     TGW3
1050  W50     6     26       13  11     TGW3
1051  W51     6     27       14  12     TGW3
1052  W52     5     25       13   1     TGW4
1053  W53     5     26       13   2     TGW4
1054  W54     5     27       14   1     TGW4
1055  W55     4     30       15  11     TGW4
1056  W56     4     31        1  10     TGW4
1057  W57     4     32        1   9     TGW5
1058  W58     4     33        2  10     TGW5
1059  W59     4     34        2   9     TGW5
1060  W60     3     13        7   1     TGW5
1061  W61     3     14        7   2     TGW5
1062  W62     3     15        8   1     TGW5
1063  W63     3     16        8   2     TGW6
1064  W64     3     17        9   1     TGW6
1065  W65     3     18        9   2     TGW6
1066  W66     2     25       13  12     TGW6
1067  W67     2     26       13  11     TGW6
1068  W68     2     27       14  12     TGW6
1069  W69     9     28       14  11     TGW1
1070  W70     9     29       15  12     TGW1
1071  W71     9     30       15  11     TGW1
1072  W72     8     19       10  12     TGW1
1073  W73     8     20       10  11     TGW1
1074  W74     8     21       11  12     TGW1
1075  W75     8     22       11  11     TGW2
1076  W76     8     23       12  12     TGW2
1077  W77     8     24       12  11     TGW2
1078  W78     7     35        3  10     TGW2
1079  W79     7     36        3   9     TGW2
1080  W80     7     37        4  10     TGW2
1081  W81     7     38        4   9     TGW3
1082  W82     7     39        5  10     TGW3
1083  W83     6     28       14  11     TGW3
1084  W84     6     29       15  12     TGW3
1085  W85     6     30       15  11     TGW3
1086  W86     5     28       14   2     TGW4
1087  W87     5     29       15   1     TGW4
1088  W88     5     30       15   2     TGW4
1089  W89     4     35        3  10     TGW4
1090  W90     4     36        3   9     TGW4
1091  W91     4     37        4  10     TGW5
1092  W92     4     38        4   9     TGW5
1093  W93     4     39        5  10     TGW5
1094  W94     3     19       10   1     TGW5
1095  W95     3     20       10   2     TGW5
1096  W96     3     21       11   1     TGW5
1097  W97     3     22       11   2     TGW6
1098  W98     3     23       12   1     TGW6
1099  W99     3     24       12   2     TGW6
1100  W100    2     28       14  11     TGW6
1101  W101    2     29       15  12     TGW6
1102  W102    2     30       15  11     TGW6
1103  W103    9     31        1  10     TGW1
1104  W104    9     32        1   9     TGW1
1105  W105    9     33        2  10     TGW1
1106  W106    8     25       13  12     TGW1
1107  W107    8     26       13  11     TGW1
1108  W108    8     27       14  12     TGW1
1109  W109    8     28       14  11     TGW2
1110  W110    8     29       15  12     TGW2
1111  W111    8     30       15  11     TGW2
1112  W112    7     40        5   9     TGW2
1113  W113    7     41        6  10     TGW2
1114  W114    7     42        6   9     TGW2
1115  W115    7     43        7  10     TGW3
1116  W116    7     44        7   9     TGW3
1117  W117    7     45        8  10     TGW3
1118  W118    6     31        1  10     TGW3
1119  W119    6     32        1   9     TGW3
1120  W120    5     31        1   3     TGW4
1121  W121    5     32        1   4     TGW4
1122  W122    4     40        5   9     TGW4
1123  W123    4     41        6  10     TGW4
1124  W124    4     42        6   9     TGW4
1125  W125    4     43        7  10     TGW5
1126  W126    4     44        7   9     TGW5
1127  W127    4     45        8  10     TGW5
1128  W128    3     25       13   1     TGW5
1129  W129    3     26       13   2     TGW5
1130  W130    3     27       14   1     TGW5
1131  W131    3     28       14   2     TGW6
1132  W132    3     29       15   1     TGW6
1133  W133    3     30       15   2     TGW6
1134  W134    2     31        1  10     TGW6
1135  W135    2     32        1   9     TGW6
1136  W136    2     33        2  10     TGW6
1137  W137    9     34        2   9     TGW1
1138  W138    9     35        3  10     TGW1
1139  W139    9     36        3   9     TGW1
1140  W140    8     31        1  10     TGW1
1141  W141    8     32        1   9     TGW1
1142  W142    8     33        2  10     TGW1
1143  W143    8     34        2   9     TGW2
1144  W144    8     35        3  10     TGW2
1145  W145    8     36        3   9     TGW2
1146  W146    7     46        8   9     TGW2
1147  W147    7     47        9  10     TGW2
1148  W148    7     48        9   9     TGW2
1149  W149    7     49       10  10     TGW3
1150  W150    7     50       10   9     TGW3
1151  W151    7     51       11  10     TGW3
1152  W152    6     33        2  10     TGW3
1153  W153    6     34        2   9     TGW3
1154  W154    5     33        2   3     TGW4
1155  W155    5     34        2   4     TGW4
1156  W156    4     46        8   9     TGW4
1157  W157    4     47        9  10     TGW4
1158  W158    4     48        9   9     TGW4
1159  W159    4     49       10  10     TGW5
1160  W160    4     50       10   9     TGW5
1161  W161    4     51       11  10     TGW5
1162  W162    3     31        1   3     TGW5
1163  W163    3     32        1   4     TGW5
1164  W164    3     33        2   3     TGW5
1165  W165    3     34        2   4     TGW6
1166  W166    3     35        3   3     TGW6
1167  W167    3     36        3   4     TGW6
1168  W168    2     34        2   9     TGW6
1169  W169    2     35        3  10     TGW6
1170  W170    2     36        3   9     TGW6
1171  W171    9     37        4  10     TGW1
1172  W172    9     38        4   9     TGW1
1173  W173    9     39        5  10     TGW1
1174  W174    8     37        4  10     TGW1
1175  W175    8     38        4   9     TGW1
1176  W176    8     39        5  10     TGW1
1177  W177    8     40        5   9     TGW2
1178  W178    8     41        6  10     TGW2
1179  W179    8     42        6   9     TGW2
1180  W180    7     52       11   9     TGW2
1181  W181    7     53       12  10     TGW2
1182  W182    7     54       12   9     TGW2
1183  W183    7     55       13  10     TGW3
1184  W184    7     56       13   9     TGW3
1185  W185    7     57       14  10     TGW3
1186  W186    6     35        3  10     TGW3
1187  W187    6     36        3   9     TGW3
1188  W188    5     35        3   3     TGW4
1189  W189    5     36        3   4     TGW4
1190  W190    4     52       11   9     TGW4
1191  W191    4     53       12  10     TGW4
1192  W192    4     54       12   9     TGW4
1193  W193    4     55       13  10     TGW5
1194  W194    4     56       13   9     TGW5
1195  W195    4     57       14  10     TGW5
1196  W196    3     37        4   3     TGW5
1197  W197    3     38        4   4     TGW5
1198  W198    3     39        5   3     TGW5
1199  W199    3     40        5   4     TGW6
1200  W200    3     41        6   3     TGW6
1201  W201    3     42        6   4     TGW6
1202  W202    2     37        4  10     TGW6
1203  W203    2     38        4   9     TGW6
1204  W204    2     39        5  10     TGW6
1205  W205    9     40        5   9     TGW7
1206  W206    9     41        6  10     TGW7
1207  W207    9     42        6   9     TGW7
1208  W208    9     43        7  10     TGW7
1209  W209    9     44        7   9     TGW7
1210  W210    9     45        8  10     TGW7
1211  W211    8     43        7  10     TGW8
1212  W212    8     44        7   9     TGW8
1213  W213    8     45        8  10     TGW8
1214  W214    7     58       14   9     TGW8
1215  W215    7     59       15  10     TGW8
1216  W216    7     60       15   9     TGW8
1217  W217    6     37        4  10     TGW9
1218  W218    6     38        4   9     TGW9
1219  W219    6     39        5  10     TGW9
1220  W220    6     40        5   9     TGW9
1221  W221    6     41        6  10     TGW9
1222  W222    5     37        4   3     TGW10
1223  W223    5     38        4   4     TGW10
1224  W224    5     39        5   3     TGW10
1225  W225    5     40        5   4     TGW10
1226  W226    5     41        6   3     TGW10
1227  W227    4     58       14   9     TGW11
1228  W228    4     59       15  10     TGW11
1229  W229    4     60       15   9     TGW11
1230  W230    3     43        7   3     TGW11
1231  W231    3     44        7   4     TGW11
1232  W232    3     45        8   3     TGW11
1233  W233    2     40        5   9     TGW12
1234  W234    2     41        6  10     TGW12
1235  W235    2     42        6   9     TGW12
1236  W236    2     43        7  10     TGW12
1237  W237    2     44        7   9     TGW12
1238  W238    2     45        8  10     TGW12
1239  W239    9     46        8   9     TGW7
1240  W240    9     47        9  10     TGW7
1241  W241    9     48        9   9     TGW7
1242  W242    9     49       10  10     TGW7
1243  W243    9     50       10   9     TGW7
1244  W244    9     51       11  10     TGW7
1245  W245    8     46        8   9     TGW8
1246  W246    8     47        9  10     TGW8
1247  W247    8     48        9   9     TGW8
1248  W248    7     61        1   8     TGW8
1249  W249    7     62        1   7     TGW8
1250  W250    7     63        2   8     TGW8
1251  W251    6     42        6   9     TGW9
1252  W252    6     43        7  10     TGW9
1253  W253    6     44        7   9     TGW9
1254  W254    6     45        8  10     TGW9
1255  W255    6     46        8   9     TGW9
1256  W256    5     42        6   4     TGW10
1257  W257    5     43        7   3     TGW10
1258  W258    5     44        7   4     TGW10
1259  W259    5     45        8   3     TGW10
1260  W260    5     46        8   4     TGW10
1261  W261    4     61        1   8     TGW11
1262  W262    4     62        1   7     TGW11
1263  W263    4     63        2   8     TGW11
1264  W264    3     46        8   4     TGW11
1265  W265    3     47        9   3     TGW11
1266  W266    3     48        9   4     TGW11
1267  W267    2     46        8   9     TGW12
1268  W268    2     47        9  10     TGW12
1269  W269    2     48        9   9     TGW12
1270  W270    2     49       10  10     TGW12
1271  W271    2     50       10   9     TGW12
1272  W272    2     51       11  10     TGW12
1273  W273    9     52       11   9     TGW7
1274  W274    9     53       12  10     TGW7
1275  W275    9     54       12   9     TGW7
1276  W276    9     55       13  10     TGW7
1277  W277    9     56       13   9     TGW7
1278  W278    9     57       14  10     TGW7
1279  W279    8     49       10  10     TGW8
1280  W280    8     50       10   9     TGW8
1281  W281    8     51       11  10     TGW8
1282  W282    7     64        2   7     TGW8
1283  W283    7     65        3   8     TGW8
1284  W284    7     66        3   7     TGW8
1285  W285    6     47        9  10     TGW9
1286  W286    6     48        9   9     TGW9
1287  W287    6     49       10  10     TGW9
1288  W288    6     50       10   9     TGW9
1289  W289    6     51       11  10     TGW9
1290  W290    5     47        9   3     TGW10
1291  W291    5     48        9   4     TGW10
1292  W292    5     49       10   3     TGW10
1293  W293    5     50       10   4     TGW10
1294  W294    5     51       11   3     TGW10
1295  W295    4     64        2   7     TGW11
1296  W296    4     65        3   8     TGW11
1297  W297    4     66        3   7     TGW11
1298  W298    3     49       10   3     TGW11
1299  W299    3     50       10   4     TGW11
1300  W300    3     51       11   3     TGW11
1301  W301    2     52       11   9     TGW12
1302  W302    2     53       12  10     TGW12
1303  W303    2     54       12   9     TGW12
1304  W304    2     55       13  10     TGW12
1305  W305    2     56       13   9     TGW12
1306  W306    2     57       14  10     TGW12
1307  W307    9     58       14   9     TGW7
1308  W308    9     59       15  10     TGW7
1309  W309    9     60       15   9     TGW7
1310  W310    9     61        1   8     TGW7
1311  W311    9     62        1   7     TGW7
1312  W312    9     63        2   8     TGW7
1313  W313    8     52       11   9     TGW8
1314  W314    8     53       12  10     TGW8
1315  W315    8     54       12   9     TGW8
1316  W316    7     67        4   8     TGW8
1317  W317    7     68        4   7     TGW8
1318  W318    7     69        5   8     TGW8
1319  W319    6     52       11   9     TGW9
1320  W320    6     53       12  10     TGW9
1321  W321    6     54       12   9     TGW9
1322  W322    6     55       13  10     TGW9
1323  W323    6     56       13   9     TGW9
1324  W324    5     52       11   4     TGW10
1325  W325    5     53       12   3     TGW10
1326  W326    5     54       12   4     TGW10
1327  W327    5     55       13   3     TGW10
1328  W328    5     56       13   4     TGW10
1329  W329    4     67        4   8     TGW11
1330  W330    4     68        4   7     TGW11
1331  W331    4     69        5   8     TGW11
1332  W332    3     52       11   4     TGW11
1333  W333    3     53       12   3     TGW11
1334  W334    3     54       12   4     TGW11
1335  W335    2     58       14   9     TGW12
1336  W336    2     59       15  10     TGW12
1337  W337    2     60       15   9     TGW12
1338  W338    2     61        1   8     TGW12
1339  W339    2     62        1   7     TGW12
1340  W340    2     63        2   8     TGW12
1341  W341    9     64        2   7     TGW7
1342  W342    9     65        3   8     TGW7
1343  W343    9     66        3   7     TGW7
1344  W344    9     67        4   8     TGW7
1345  W345    9     68        4   7     TGW7
1346  W346    9     69        5   8     TGW7
1347  W347    8     55       13  10     TGW8
1348  W348    8     56       13   9     TGW8
1349  W349    8     57       14  10     TGW8
1350  W350    7     70        5   7     TGW8
1351  W351    7     71        6   8     TGW8
1352  W352    7     72        6   7     TGW8
1353  W353    6     57       14  10     TGW9
1354  W354    6     58       14   9     TGW9
1355  W355    6     59       15  10     TGW9
1356  W356    6     60       15   9     TGW9
1357  W357    6     61        1   8     TGW9
1358  W358    5     57       14   3     TGW10
1359  W359    5     58       14   4     TGW10
1360  W360    5     59       15   3     TGW10
1361  W361    5     60       15   4     TGW10
1362  W362    5     61        1   5     TGW10
1363  W363    4     70        5   7     TGW11
1364  W364    4     71        6   8     TGW11
1365  W365    4     72        6   7     TGW11
1366  W366    3     55       13   3     TGW11
1367  W367    3     56       13   4     TGW11
1368  W368    3     57       14   3     TGW11
1369  W369    2     64        2   7     TGW12
1370  W370    2     65        3   8     TGW12
1371  W371    2     66        3   7     TGW12
1372  W372    2     67        4   8     TGW12
1373  W373    2     68        4   7     TGW12
1374  W374    2     69        5   8     TGW12
1375  W375    9     70        5   7     TGW7
1376  W376    9     71        6   8     TGW7
1377  W377    9     72        6   7     TGW7
1378  W378    9     73        7   8     TGW7
1379  W379    9     74        7   7     TGW7
1380  W380    9     75        8   8     TGW7
1381  W381    8     58       14   9     TGW8
1382  W382    8     59       15  10     TGW8
1383  W383    8     60       15   9     TGW8
1384  W384    7     73        7   8     TGW8
1385  W385    7     74        7   7     TGW8
1386  W386    7     75        8   8     TGW8
1387  W387    6     62        1   7     TGW9
1388  W388    6     63        2   8     TGW9
1389  W389    6     64        2   7     TGW9
1390  W390    6     65        3   8     TGW9
1391  W391    6     66        3   7     TGW9
1392  W392    5     62        1   6     TGW10
1393  W393    5     63        2   5     TGW10
1394  W394    5     64        2   6     TGW10
1395  W395    5     65        3   5     TGW10
1396  W396    5     66        3   6     TGW10
1397  W397    4     73        7   8     TGW11
1398  W398    4     74        7   7     TGW11
1399  W399    4     75        8   8     TGW11
1400  W400    3     58       14   4     TGW11
1401  W401    3     59       15   3     TGW11
1402  W402    3     60       15   4     TGW11
1403  W403    2     70        5   7     TGW12
1404  W404    2     71        6   8     TGW12
1405  W405    2     72        6   7     TGW12
1406  W406    2     73        7   8     TGW12
1407  W407    2     74        7   7     TGW12
1408  W408    2     75        8   8     TGW12
1409  W409    9     76        8   7     TGW13
1410  W410    9     77        9   8     TGW13
1411  W411    9     78        9   7     TGW13
1412  W412    8     61        1   8     TGW13
1413  W413    8     62        1   7     TGW13
1414  W414    8     63        2   8     TGW13
1415  W415    8     64        2   7     TGW14
1416  W416    8     65        3   8     TGW14
1417  W417    8     66        3   7     TGW14
1418  W418    7     76        8   7     TGW14
1419  W419    7     77        9   8     TGW14
1420  W420    7     78        9   7     TGW14
1421  W421    6     67        4   8     TGW15
1422  W422    6     68        4   7     TGW15
1423  W423    6     69        5   8     TGW15
1424  W424    6     70        5   7     TGW15
1425  W425    6     71        6   8     TGW15
1426  W426    5     67        4   5     TGW16
1427  W427    5     68        4   6     TGW16
1428  W428    5     69        5   5     TGW16
1429  W429    5     70        5   6     TGW16
1430  W430    5     71        6   5     TGW16
1431  W431    4     76        8   7     TGW17
1432  W432    4     77        9   8     TGW17
1433  W433    4     78        9   7     TGW17
1434  W434    3     61        1   5     TGW17
1435  W435    3     62        1   6     TGW17
1436  W436    3     63        2   5     TGW17
1437  W437    3     64        2   6     TGW18
1438  W438    3     65        3   5     TGW18
1439  W439    3     66        3   6     TGW18
1440  W440    2     76        8   7     TGW18
1441  W441    2     77        9   8     TGW18
1442  W442    2     78        9   7     TGW18
1443  W443    9     79       10   8     TGW13
1444  W444    9     80       10   7     TGW13
1445  W445    9     81       11   8     TGW13
1446  W446    8     67        4   8     TGW13
1447  W447    8     68        4   7     TGW13
1448  W448    8     69        5   8     TGW13
1449  W449    8     70        5   7     TGW14
1450  W450    8     71        6   8     TGW14
1451  W451    8     72        6   7     TGW14
1452  W452    7     79       10   8     TGW14
1453  W453    7     80       10   7     TGW14
1454  W454    7     81       11   8     TGW14
1455  W455    6     72        6   7     TGW15
1456  W456    6     73        7   8     TGW15
1457  W457    6     74        7   7     TGW15
1458  W458    6     75        8   8     TGW15
1459  W459    6     76        8   7     TGW15
1460  W460    5     72        6   6     TGW16
1461  W461    5     73        7   5     TGW16
1462  W462    5     74        7   6     TGW16
1463  W463    5     75        8   5     TGW16
1464  W464    5     76        8   6     TGW16
1465  W465    4     79       10   8     TGW17
1466  W466    4     80       10   7     TGW17
1467  W467    4     81       11   8     TGW17
1468  W468    3     67        4   5     TGW17
1469  W469    3     68        4   6     TGW17
1470  W470    3     69        5   5     TGW17
1471  W471    3     70        5   6     TGW18
1472  W472    3     71        6   5     TGW18
1473  W473    3     72        6   6     TGW18
1474  W474    2     79       10   8     TGW18
1475  W475    2     80       10   7     TGW18
1476  W476    2     81       11   8     TGW18
1477  W477    9     82       11   7     TGW13
1478  W478    9     83       12   8     TGW13
1479  W479    9     84       12   7     TGW13
1480  W480    8     73        7   8     TGW13
1481  W481    8     74        7   7     TGW13
1482  W482    8     75        8   8     TGW13
1483  W483    8     76        8   7     TGW14
1484  W484    8     77        9   8     TGW14
1485  W485    8     78        9   7     TGW14
1486  W486    7     82       11   7     TGW14
1487  W487    7     83       12   8     TGW14
1488  W488    7     84       12   7     TGW14
1489  W489    6     77        9   8     TGW15
1490  W490    6     78        9   7     TGW15
1491  W491    6     79       10   8     TGW15
1492  W492    6     80       10   7     TGW15
1493  W493    6     81       11   8     TGW15
1494  W494    5     77        9   5     TGW16
1495  W495    5     78        9   6     TGW16
1496  W496    5     79       10   5     TGW16
1497  W497    5     80       10   6     TGW16
1498  W498    5     81       11   5     TGW16
1499  W499    4     82       11   7     TGW17
1500  W500    4     83       12   8     TGW17
1501  W501    4     84       12   7     TGW17
1502  W502    3     73        7   5     TGW17
1503  W503    3     74        7   6     TGW17
1504  W504    3     75        8   5     TGW17
1505  W505    3     76        8   6     TGW18
1506  W506    3     77        9   5     TGW18
1507  W507    3     78        9   6     TGW18
1508  W508    2     82       11   7     TGW18
1509  W509    2     83       12   8     TGW18
1510  W510    2     84       12   7     TGW18
1511  W511    9     85       13   8     TGW13
1512  W512    9     86       13   7     TGW13
1513  W513    9     87       14   8     TGW13
1514  W514    8     79       10   8     TGW13
1515  W515    8     80       10   7     TGW13
1516  W516    8     81       11   8     TGW13
1517  W517    8     82       11   7     TGW14
1518  W518    8     83       12   8     TGW14
1519  W519    8     84       12   7     TGW14
1520  W520    7     85       13   8     TGW14
1521  W521    7     86       13   7     TGW14
1522  W522    7     87       14   8     TGW14
1523  W523    6     82       11   7     TGW15
1524  W524    6     83       12   8     TGW15
1525  W525    6     84       12   7     TGW15
1526  W526    6     85       13   8     TGW15
1527  W527    6     86       13   7     TGW15
1528  W528    5     82       11   6     TGW16
1529  W529    5     83       12   5     TGW16
1530  W530    5     84       12   6     TGW16
1531  W531    5     85       13   5     TGW16
1532  W532    5     86       13   6     TGW16
1533  W533    4     85       13   8     TGW17
1534  W534    4     86       13   7     TGW17
1535  W535    4     87       14   8     TGW17
1536  W536    3     79       10   5     TGW17
1537  W537    3     80       10   6     TGW17
1538  W538    3     81       11   5     TGW17
1539  W539    3     82       11   6     TGW18
1540  W540    3     83       12   5     TGW18
1541  W541    3     84       12   6     TGW18
1542  W542    2     85       13   8     TGW18
1543  W543    2     86       13   7     TGW18
1544  W544    2     87       14   8     TGW18
1545  W545    9     88       14   7     TGW13
1546  W546    9     89       15   8     TGW13
1547  W547    9     90       15   7     TGW13
1548  W548    8     85       13   8     TGW13
1549  W549    8     86       13   7     TGW13
1550  W550    8     87       14   8     TGW13
1551  W551    8     88       14   7     TGW14
1552  W552    8     89       15   8     TGW14
1553  W553    8     90       15   7     TGW14
1554  W554    7     88       14   7     TGW14
1555  W555    7     89       15   8     TGW14
1556  W556    7     90       15   7     TGW14
1557  W557    6     87       14   8     TGW15
1558  W558    6     88       14   7     TGW15
1559  W559    6     89       15   8     TGW15
1560  W560    6     90       15   7     TGW15
1563  W563    5     87       14   5     TGW16
1564  W564    5     88       14   6     TGW16
1565  W565    5     89       15   5     TGW16
1566  W566    5     90       15   6     TGW16
1567  W567    4     88       14   7     TGW17
1568  W568    4     89       15   8     TGW17
1569  W569    4     90       15   7     TGW17
1570  W570    3     85       13   5     TGW17
1571  W571    3     86       13   6     TGW17
1572  W572    3     87       14   5     TGW17
1573  W573    3     88       14   6     TGW18
1574  W574    3     89       15   5     TGW18
1575  W575    3     90       15   6     TGW18
1576  W576    2     88       14   7     TGW18
1577  W577    2     89       15   8     TGW18
1578  W578    2     90       15   7     TGW18
1579  W579    9     91        1   6     TGW19
1580  W580    9     92        1   5     TGW19
1581  W581    9     93        2   6     TGW19
1582  W582    8     91        1   6     TGW19
1583  W583    8     92        1   5     TGW19
1584  W584    8     93        2   6     TGW19
1585  W585    8     94        2   5     TGW20
1586  W586    8     95        3   6     TGW20
1587  W587    8     96        3   5     TGW20
1588  W588    7     91        1   6     TGW20
1589  W589    7     92        1   5     TGW20
1590  W590    7     93        2   6     TGW20
1591  W591    6     91        1   6     TGW21
1592  W592    6     92        1   5     TGW21
1593  W593    6     93        2   6     TGW21
1594  W594    6     94        2   5     TGW21
1597  W597    5     91        1   7     TGW22
1598  W598    5     92        1   8     TGW22
1599  W599    5     93        2   7     TGW22
1600  W600    5     94        2   8     TGW22
1601  W601    4     91        1   6     TGW23
1602  W602    4     92        1   5     TGW23
1603  W603    4     93        2   6     TGW23
1604  W604    3     91        1   7     TGW23
1605  W605    3     92        1   8     TGW23
1606  W606    3     93        2   7     TGW23
1607  W607    3     94        2   8     TGW24
1608  W608    3     95        3   7     TGW24
1609  W609    3     96        3   8     TGW24
1610  W610    2     91        1   6     TGW24
1611  W611    2     92        1   5     TGW24
1612  W612    2     93        2   6     TGW24
1613  W613    9     94        2   5     TGW19
1614  W614    9     95        3   6     TGW19
1615  W615    9     96        3   5     TGW19
1616  W616    8     97        4   6     TGW19
1617  W617    8     98        4   5     TGW19
1618  W618    8     99        5   6     TGW19
1619  W619    8    100        5   5     TGW20
1620  W620    8    101        6   6     TGW20
1621  W621    8    102        6   5     TGW20
1622  W622    7     94        2   5     TGW20
1623  W623    7     95        3   6     TGW20
1624  W624    7     96        3   5     TGW20
1625  W625    6     95        3   6     TGW21
1626  W626    6     96        3   5     TGW21
1627  W627    6     97        4   6     TGW21
1628  W628    6     98        4   5     TGW21
1629  W629    6     99        5   6     TGW21
1630  W630    5     95        3   7     TGW22
1631  W631    5     96        3   8     TGW22
1632  W632    5     97        4   7     TGW22
1633  W633    5     98        4   8     TGW22
1634  W634    5     99        5   7     TGW22
1635  W635    4     94        2   5     TGW23
1636  W636    4     95        3   6     TGW23
1637  W637    4     96        3   5     TGW23
1638  W638    3     97        4   7     TGW23
1639  W639    3     98        4   8     TGW23
1640  W640    3     99        5   7     TGW23
1641  W641    3    100        5   8     TGW24
1642  W642    3    101        6   7     TGW24
1643  W643    3    102        6   8     TGW24
1644  W644    2     94        2   5     TGW24
1645  W645    2     95        3   6     TGW24
1646  W646    2     96        3   5     TGW24
1647  W647    9     97        4   6     TGW19
1648  W648    9     98        4   5     TGW19
1649  W649    9     99        5   6     TGW19
1650  W650    8    103        7   6     TGW19
1651  W651    8    104        7   5     TGW19
1652  W652    8    105        8   6     TGW19
1653  W653    8    106        8   5     TGW20
1654  W654    8    107        9   6     TGW20
1655  W655    8    108        9   5     TGW20
1656  W656    7     97        4   6     TGW20
1657  W657    7     98        4   5     TGW20
1658  W658    7     99        5   6     TGW20
1659  W659    6    100        5   5     TGW21
1660  W660    6    101        6   6     TGW21
1661  W661    6    102        6   5     TGW21
1662  W662    6    103        7   6     TGW21
1663  W663    6    104        7   5     TGW21
1664  W664    5    100        5   8     TGW22
1665  W665    5    101        6   7     TGW22
1666  W666    5    102        6   8     TGW22
1667  W667    5    103        7   7     TGW22
1668  W668    5    104        7   8     TGW22
1669  W669    4     97        4   6     TGW23
1670  W670    4     98        4   5     TGW23
1671  W671    4     99        5   6     TGW23
1672  W672    3    103        7   7     TGW23
1673  W673    3    104        7   8     TGW23
1674  W674    3    105        8   7     TGW23
1675  W675    3    106        8   8     TGW24
1676  W676    3    107        9   7     TGW24
1677  W677    3    108        9   8     TGW24
1678  W678    2     97        4   6     TGW24
1679  W679    2     98        4   5     TGW24
1680  W680    2     99        5   6     TGW24
1681  W681    9    100        5   5     TGW19
1682  W682    9    101        6   6     TGW19
1683  W683    9    102        6   5     TGW19
1684  W684    8    109       10   6     TGW19
1685  W685    8    110       10   5     TGW19
1686  W686    8    111       11   6     TGW19
1687  W687    8    112       11   5     TGW20
1688  W688    8    113       12   6     TGW20
1689  W689    8    114       12   5     TGW20
1690  W690    7    100        5   5     TGW20
1691  W691    7    101        6   6     TGW20
1692  W692    7    102        6   5     TGW20
1693  W693    6    105        8   6     TGW21
1694  W694    6    106        8   5     TGW21
1695  W695    6    107        9   6     TGW21
1696  W696    6    108        9   5     TGW21
1697  W697    6    109       10   6     TGW21
1698  W698    5    105        8   7     TGW22
1699  W699    5    106        8   8     TGW22
1700  W700    5    107        9   7     TGW22
1701  W701    5    108        9   8     TGW22
1702  W702    5    109       10   7     TGW22
1703  W703    4    100        5   5     TGW23
1704  W704    4    101        6   6     TGW23
1705  W705    4    102        6   5     TGW23
1706  W706    3    109       10   7     TGW23
1707  W707    3    110       10   8     TGW23
1708  W708    3    111       11   7     TGW23
1709  W709    3    112       11   8     TGW24
1710  W710    3    113       12   7     TGW24
1711  W711    3    114       12   8     TGW24
1712  W712    2    100        5   5     TGW24
1713  W713    2    101        6   6     TGW24
1714  W714    2    102        6   5     TGW24
1715  W715    9    103        7   6     TGW19
1716  W716    9    104        7   5     TGW19
1717  W717    9    105        8   6     TGW19
1718  W718    8    115       13   6     TGW19
1719  W719    8    116       13   5     TGW19
1720  W720    8    117       14   6     TGW19
1721  W721    8    118       14   5     TGW20
1722  W722    8    119       15   6     TGW20
1723  W723    8    120       15   5     TGW20
1724  W724    7    103        7   6     TGW20
1725  W725    7    104        7   5     TGW20
1726  W726    7    105        8   6     TGW20
1727  W727    6    110       10   5     TGW21
1728  W728    6    111       11   6     TGW21
1729  W729    6    112       11   5     TGW21
1730  W730    6    113       12   6     TGW21
1731  W731    6    114       12   5     TGW21
1732  W732    5    110       10   8     TGW22
1733  W733    5    111       11   7     TGW22
1734  W734    5    112       11   8     TGW22
1735  W735    5    113       12   7     TGW22
1736  W736    5    114       12   8     TGW22
1737  W737    4    103        7   6     TGW23
1738  W738    4    104        7   5     TGW23
1739  W739    4    105        8   6     TGW23
1740  W740    3    115       13   7     TGW23
1741  W741    3    116       13   8     TGW23
1742  W742    3    117       14   7     TGW23
1743  W743    3    118       14   8     TGW24
1744  W744    3    119       15   7     TGW24
1745  W745    3    120       15   8     TGW24
1746  W746    2    103        7   6     TGW24
1747  W747    2    104        7   5     TGW24
1748  W748    2    105        8   6     TGW24
1749  W749    9    106        8   5     TGW25
1750  W750    9    107        9   6     TGW25
1751  W751    9    108        9   5     TGW25
1752  W752    9    109       10   6     TGW25
1753  W753    9    110       10   5     TGW25
1754  W754    9    111       11   6     TGW25
1755  W755    8    121        1   4     TGW26
1756  W756    8    122        1   3     TGW26
1757  W757    8    123        2   4     TGW26
1758  W758    7    106        8   5     TGW26
1759  W759    7    107        9   6     TGW26
1760  W760    7    108        9   5     TGW26
1761  W761    6    115       13   6     TGW27
1762  W762    6    116       13   5     TGW27
1763  W763    6    117       14   6     TGW27
1764  W764    6    118       14   5     TGW27
1765  W765    6    119       15   6     TGW27
1766  W766    5    115       13   7     TGW28
1767  W767    5    116       13   8     TGW28
1768  W768    5    117       14   7     TGW28
1769  W769    5    118       14   8     TGW28
1770  W770    5    119       15   7     TGW28
1771  W771    4    106        8   5     TGW29
1772  W772    4    107        9   6     TGW29
1773  W773    4    108        9   5     TGW29
1774  W774    3    121        1   9     TGW29
1775  W775    3    122        1  10     TGW29
1776  W776    3    123        2   9     TGW29
1777  W777    2    106        8   5     TGW30
1778  W778    2    107        9   6     TGW30
1779  W779    2    108        9   5     TGW30
1780  W780    2    109       10   6     TGW30
1781  W781    2    110       10   5     TGW30
1782  W782    2    111       11   6     TGW30
1783  W783    9    112       11   5     TGW25
1784  W784    9    113       12   6     TGW25
1785  W785    9    114       12   5     TGW25
1786  W786    9    115       13   6     TGW25
1787  W787    9    116       13   5     TGW25
1788  W788    9    117       14   6     TGW25
1789  W789    8    124        2   3     TGW26
1790  W790    8    125        3   4     TGW26
1791  W791    8    126        3   3     TGW26
1792  W792    7    109       10   6     TGW26
1793  W793    7    110       10   5     TGW26
1794  W794    7    111       11   6     TGW26
1795  W795    6    120       15   5     TGW27
1796  W796    6    121        1   4     TGW27
1797  W797    6    122        1   3     TGW27
1798  W798    6    123        2   4     TGW27
1799  W799    6    124        2   3     TGW27
1800  W800    5    120       15   8     TGW28
1801  W801    5    121        1   9     TGW28
1802  W802    5    122        1  10     TGW28
1803  W803    5    123        2   9     TGW28
1804  W804    5    124        2  10     TGW28
1805  W805    4    109       10   6     TGW29
1806  W806    4    110       10   5     TGW29
1807  W807    4    111       11   6     TGW29
1808  W808    3    124        2  10     TGW29
1809  W809    3    125        3   9     TGW29
1810  W810    3    126        3  10     TGW29
1811  W811    2    112       11   5     TGW30
1812  W812    2    113       12   6     TGW30
1813  W813    2    114       12   5     TGW30
1814  W814    2    115       13   6     TGW30
1815  W815    2    116       13   5     TGW30
1816  W816    2    117       14   6     TGW30
1817  W817    9    118       14   5     TGW25
1818  W818    9    119       15   6     TGW25
1819  W819    9    120       15   5     TGW25
1820  W820    9    121        1   4     TGW25
1821  W821    9    122        1   3     TGW25
1822  W822    9    123        2   4     TGW25
1823  W823    8    127        4   4     TGW26
1824  W824    8    128        4   3     TGW26
1825  W825    8    129        5   4     TGW26
1826  W826    7    112       11   5     TGW26
1827  W827    7    113       12   6     TGW26
1828  W828    7    114       12   5     TGW26
1829  W829    6    125        3   4     TGW27
1830  W830    6    126        3   3     TGW27
1831  W831    6    127        4   4     TGW27
1832  W832    6    128        4   3     TGW27
1833  W833    6    129        5   4     TGW27
1834  W834    5    125        3   9     TGW28
1835  W835    5    126        3  10     TGW28
1836  W836    5    127        4   9     TGW28
1837  W837    5    128        4  10     TGW28
1838  W838    5    129        5   9     TGW28
1839  W839    4    112       11   5     TGW29
1840  W840    4    113       12   6     TGW29
1841  W841    4    114       12   5     TGW29
1842  W842    3    127        4   9     TGW29
1843  W843    3    128        4  10     TGW29
1844  W844    3    129        5   9     TGW29
1845  W845    2    118       14   5     TGW30
1846  W846    2    119       15   6     TGW30
1847  W847    2    120       15   5     TGW30
1848  W848    2    121        1   4     TGW30
1849  W849    2    122        1   3     TGW30
1850  W850    2    123        2   4     TGW30
1851  W851    9    124        2   3     TGW25
1852  W852    9    125        3   4     TGW25
1853  W853    9    126        3   3     TGW25
1854  W854    9    127        4   4     TGW25
1855  W855    9    128        4   3     TGW25
1856  W856    9    129        5   4     TGW25
1857  W857    8    130        5   3     TGW26
1858  W858    8    131        6   4     TGW26
1859  W859    8    132        6   3     TGW26
1860  W860    7    115       13   6     TGW26
1861  W861    7    116       13   5     TGW26
1862  W862    7    117       14   6     TGW26
1863  W863    6    130        5   3     TGW27
1864  W864    6    131        6   4     TGW27
1865  W865    6    132        6   3     TGW27
1866  W866    6    133        7   4     TGW27
1867  W867    6    134        7   3     TGW27
1868  W868    5    130        5  10     TGW28
1869  W869    5    131        6   9     TGW28
1870  W870    5    132        6  10     TGW28
1871  W871    5    133        7   9     TGW28
1872  W872    5    134        7  10     TGW28
1873  W873    4    115       13   6     TGW29
1874  W874    4    116       13   5     TGW29
1875  W875    4    117       14   6     TGW29
1876  W876    3    130        5  10     TGW29
1877  W877    3    131        6   9     TGW29
1878  W878    3    132        6  10     TGW29
1879  W879    2    124        2   3     TGW30
1880  W880    2    125        3   4     TGW30
1881  W881    2    126        3   3     TGW30
1882  W882    2    127        4   4     TGW30
1883  W883    2    128        4   3     TGW30
1884  W884    2    129        5   4     TGW30
1885  W885    9    130        5   3     TGW25
1886  W886    9    131        6   4     TGW25
1887  W887    9    132        6   3     TGW25
1888  W888    9    133        7   4     TGW25
1889  W889    9    134        7   3     TGW25
1890  W890    9    135        8   4     TGW25
1891  W891    8    133        7   4     TGW26
1892  W892    8    134        7   3     TGW26
1893  W893    8    135        8   4     TGW26
1894  W894    7    118       14   5     TGW26
1895  W895    7    119       15   6     TGW26
1896  W896    7    120       15   5     TGW26
1897  W897    6    135        8   4     TGW27
1898  W898    6    136        8   3     TGW27
1899  W899    6    137        9   4     TGW27
1900  W900    6    138        9   3     TGW27
1901  W901    6    139       10   4     TGW27
1902  W902    5    135        8   9     TGW28
1903  W903    5    136        8  10     TGW28
1904  W904    5    137        9   9     TGW28
1905  W905    5    138        9  10     TGW28
1906  W906    5    139       10   9     TGW28
1907  W907    4    118       14   5     TGW29
1908  W908    4    119       15   6     TGW29
1909  W909    4    120       15   5     TGW29
1910  W910    3    133        7   9     TGW29
1911  W911    3    134        7  10     TGW29
1912  W912    3    135        8   9     TGW29
1913  W913    2    130        5   3     TGW30
1914  W914    2    131        6   4     TGW30
1915  W915    2    132        6   3     TGW30
1916  W916    2    133        7   4     TGW30
1917  W917    2    134        7   3     TGW30
1918  W918    2    135        8   4     TGW30
1919  W919    9    136        8   3     TGW25
1920  W920    9    137        9   4     TGW25
1921  W921    9    138        9   3     TGW25
1922  W922    9    139       10   4     TGW25
1923  W923    9    140       10   3     TGW25
1924  W924    9    141       11   4     TGW25
1925  W925    8    136        8   3     TGW26
1926  W926    8    137        9   4     TGW26
1927  W927    8    138        9   3     TGW26
1928  W928    7    121        1   4     TGW26
1929  W929    7    122        1   3     TGW26
1930  W930    7    123        2   4     TGW26
1931  W931    6    140       10   3     TGW27
1932  W932    6    141       11   4     TGW27
1933  W933    6    142       11   3     TGW27
1934  W934    6    143       12   4     TGW27
1935  W935    6    144       12   3     TGW27
1936  W936    5    140       10  10     TGW28
1937  W937    5    141       11   9     TGW28
1938  W938    5    142       11  10     TGW28
1939  W939    5    143       12   9     TGW28
1940  W940    5    144       12  10     TGW28
1941  W941    4    121        1   4     TGW29
1942  W942    4    122        1   3     TGW29
1943  W943    4    123        2   4     TGW29
1944  W944    3    136        8  10     TGW29
1945  W945    3    137        9   9     TGW29
1946  W946    3    138        9  10     TGW29
1947  W947    2    136        8   3     TGW30
1948  W948    2    137        9   4     TGW30
1949  W949    2    138        9   3     TGW30
1950  W950    2    139       10   4     TGW30
1951  W951    2    140       10   3     TGW30
1952  W952    2    141       11   4     TGW30
1953  W953    9    142       11   3     TGW31
1954  W954    9    143       12   4     TGW31
1955  W955    9    144       12   3     TGW31
1956  W956    8    139       10   4     TGW31
1957  W957    8    140       10   3     TGW31
1958  W958    8    141       11   4     TGW31
1959  W959    8    142       11   3     TGW32
1960  W960    8    143       12   4     TGW32
1961  W961    8    144       12   3     TGW32
1962  W962    7    124        2   3     TGW32
1963  W963    7    125        3   4     TGW32
1964  W964    7    126        3   3     TGW32
1965  W965    7    127        4   4     TGW33
1966  W966    7    128        4   3     TGW33
1967  W967    7    129        5   4     TGW33
1968  W968    6    145       13   4     TGW33
1969  W969    6    146       13   3     TGW33
1970  W970    5    145       13   9     TGW34
1971  W971    5    146       13  10     TGW34
1972  W972    4    124        2   3     TGW34
1973  W973    4    125        3   4     TGW34
1974  W974    4    126        3   3     TGW34
1975  W975    4    127        4   4     TGW35
1976  W976    4    128        4   3     TGW35
1977  W977    4    129        5   4     TGW35
1978  W978    3    139       10   9     TGW35
1979  W979    3    140       10  10     TGW35
1980  W980    3    141       11   9     TGW35
1981  W981    3    142       11  10     TGW36
1982  W982    3    143       12   9     TGW36
1983  W983    3    144       12  10     TGW36
1984  W984    2    142       11   3     TGW36
1985  W985    2    143       12   4     TGW36
1986  W986    2    144       12   3     TGW36
1987  W987    9    145       13   4     TGW31
1988  W988    9    146       13   3     TGW31
1989  W989    9    147       14   4     TGW31
1990  W990    8    145       13   4     TGW31
1991  W991    8    146       13   3     TGW31
1992  W992    8    147       14   4     TGW31
1993  W993    8    148       14   3     TGW32
1994  W994    8    149       15   4     TGW32
1995  W995    8    150       15   3     TGW32
1996  W996    7    130        5   3     TGW32
1997  W997    7    131        6   4     TGW32
1998  W998    7    132        6   3     TGW32
1999  W999    7    133        7   4     TGW33
2000  W1000   7    134        7   3     TGW33
2001  W1001   7    135        8   4     TGW33
2002  W1002   6    147       14   4     TGW33
2003  W1003   6    148       14   3     TGW33
2004  W1004   5    147       14   9     TGW34
2005  W1005   5    148       14  10     TGW34
2006  W1006   4    130        5   3     TGW34
2007  W1007   4    131        6   4     TGW34
2008  W1008   4    132        6   3     TGW34
2009  W1009   4    133        7   4     TGW35
2010  W1010   4    134        7   3     TGW35
2011  W1011   4    135        8   4     TGW35
2012  W1012   3    145       13   9     TGW35
2013  W1013   3    146       13  10     TGW35
2014  W1014   3    147       14   9     TGW35
2015  W1015   3    148       14  10     TGW36
2016  W1016   3    149       15   9     TGW36
2017  W1017   3    150       15  10     TGW36
2018  W1018   2    145       13   4     TGW36
2019  W1019   2    146       13   3     TGW36
2020  W1020   2    147       14   4     TGW36
2021  W1021   9    148       14   3     TGW31
2022  W1022   9    149       15   4     TGW31
2023  W1023   9    150       15   3     TGW31
2024  W1024   8    151        1   2     TGW31
2025  W1025   8    152        1   1     TGW31
2026  W1026   8    153        2   2     TGW31
2027  W1027   8    154        2   1     TGW32
2028  W1028   8    155        3   2     TGW32
2029  W1029   8    156        3   1     TGW32
2030  W1030   7    136        8   3     TGW32
2031  W1031   7    137        9   4     TGW32
2032  W1032   7    138        9   3     TGW32
2033  W1033   7    139       10   4     TGW33
2034  W1034   7    140       10   3     TGW33
2035  W1035   7    141       11   4     TGW33
2036  W1036   6    149       15   4     TGW33
2037  W1037   6    150       15   3     TGW33
2038  W1038   5    149       15   9     TGW34
2039  W1039   5    150       15  10     TGW34
2040  W1040   4    136        8   3     TGW34
2041  W1041   4    137        9   4     TGW34
2042  W1042   4    138        9   3     TGW34
2043  W1043   4    139       10   4     TGW35
2044  W1044   4    140       10   3     TGW35
2045  W1045   4    141       11   4     TGW35
2046  W1046   3    151        1  11     TGW35
2047  W1047   3    152        1  12     TGW35
2048  W1048   3    153        2  11     TGW35
2049  W1049   3    154        2  12     TGW36
2050  W1050   3    155        3  11     TGW36
2051  W1051   3    156        3  12     TGW36
2052  W1052   2    148       14   3     TGW36
2053  W1053   2    149       15   4     TGW36
2054  W1054   2    150       15   3     TGW36
2055  W1055   9    151        1   2     TGW31
2056  W1056   9    152        1   1     TGW31
2057  W1057   9    153        2   2     TGW31
2058  W1058   8    157        4   2     TGW31
2059  W1059   8    158        4   1     TGW31
2060  W1060   8    159        5   2     TGW31
2061  W1061   8    160        5   1     TGW32
2062  W1062   8    161        6   2     TGW32
2063  W1063   8    162        6   1     TGW32
2064  W1064   7    142       11   3     TGW32
2065  W1065   7    143       12   4     TGW32
2066  W1066   7    144       12   3     TGW32
2067  W1067   7    145       13   4     TGW33
2068  W1068   7    146       13   3     TGW33
2069  W1069   6    151        1   2     TGW33
2070  W1070   6    152        1   1     TGW33
2071  W1071   6    153        2   2     TGW33
2072  W1072   5    151        1  11     TGW34
2073  W1073   5    152        1  12     TGW34
2074  W1074   5    153        2  11     TGW34
2075  W1075   4    142       11   3     TGW34
2076  W1076   4    143       12   4     TGW34
2077  W1077   4    144       12   3     TGW35
2078  W1078   4    145       13   4     TGW35
2079  W1079   4    146       13   3     TGW35
2080  W1080   3    157        4  11     TGW35
2081  W1081   3    158        4  12     TGW35
2082  W1082   3    159        5  11     TGW35
2083  W1083   3    160        5  12     TGW36
2084  W1084   3    161        6  11     TGW36
2085  W1085   3    162        6  12     TGW36
2086  W1086   2    151        1   2     TGW36
2087  W1087   2    152        1   1     TGW36
2088  W1088   2    153        2   2     TGW36
2089  W1089   9    154        2   1     TGW31
2090  W1090   9    155        3   2     TGW31
2091  W1091   9    156        3   1     TGW31
2092  W1092   8    163        7   2     TGW31
2093  W1093   8    164        7   1     TGW31
2094  W1094   8    165        8   2     TGW31
2095  W1095   8    166        8   1     TGW32
2096  W1096   8    167        9   2     TGW32
2097  W1097   8    168        9   1     TGW32
2098  W1098   7    147       14   4     TGW32
2099  W1099   7    148       14   3     TGW32
2100  W1100   7    149       15   4     TGW32
2101  W1101   7    150       15   3     TGW33
2102  W1102   7    151        1   2     TGW33
2103  W1103   6    154        2   1     TGW33
2104  W1104   6    155        3   2     TGW33
2105  W1105   6    156        3   1     TGW33
2106  W1106   5    154        2  12     TGW34
2107  W1107   5    155        3  11     TGW34
2108  W1108   5    156        3  12     TGW34
2109  W1109   4    147       14   4     TGW34
2110  W1110   4    148       14   3     TGW34
2111  W1111   4    149       15   4     TGW35
2112  W1112   4    150       15   3     TGW35
2113  W1113   4    151        1   2     TGW35
2114  W1114   3    163        7  11     TGW35
2115  W1115   3    164        7  12     TGW35
2116  W1116   3    165        8  11     TGW35
2117  W1117   3    166        8  12     TGW36
2118  W1118   3    167        9  11     TGW36
2119  W1119   3    168        9  12     TGW36
2120  W1120   2    154        2   1     TGW36
2121  W1121   2    155        3   2     TGW36
2122  W1122   2    156        3   1     TGW36
2123  W1123   9    157        4   2     TGW31
2124  W1124   9    158        4   1     TGW31
2125  W1125   9    159        5   2     TGW31
2126  W1126   8    169       10   2     TGW31
2127  W1127   8    170       10   1     TGW31
2128  W1128   8    171       11   2     TGW31
2129  W1129   8    172       11   1     TGW32
2130  W1130   8    173       12   2     TGW32
2131  W1131   8    174       12   1     TGW32
2132  W1132   7    152        1   1     TGW32
2133  W1133   7    153        2   2     TGW32
2134  W1134   7    154        2   1     TGW32
2135  W1135   7    155        3   2     TGW33
2136  W1136   7    156        3   1     TGW33
2137  W1137   6    157        4   2     TGW33
2138  W1138   6    158        4   1     TGW33
2139  W1139   6    159        5   2     TGW33
2140  W1140   5    157        4  11     TGW34
2141  W1141   5    158        4  12     TGW34
2142  W1142   5    159        5  11     TGW34
2143  W1143   4    152        1   1     TGW34
2144  W1144   4    153        2   2     TGW34
2145  W1145   4    154        2   1     TGW35
2146  W1146   4    155        3   2     TGW35
2147  W1147   4    156        3   1     TGW35
2148  W1148   3    169       10  11     TGW35
2149  W1149   3    170       10  12     TGW35
2150  W1150   3    171       11  11     TGW35
2151  W1151   3    172       11  12     TGW36
2152  W1152   3    173       12  11     TGW36
2153  W1153   3    174       12  12     TGW36
2154  W1154   2    157        4   2     TGW36
2155  W1155   2    158        4   1     TGW36
2156  W1156   2    159        5   2     TGW36
